{
    "0": {
        "X_test_histogram": [
            [
                1.0,
                0.0,
                0.0
            ],
            [
                0.05555555555555555,
                0.5753968253968254,
                0.36904761904761907
            ],
            [
                0.09473684210526316,
                0.4605263157894737,
                0.44473684210526315
            ],
            [
                0.02843601895734597,
                0.45023696682464454,
                0.5213270142180095
            ],
            [
                1.0,
                0.0,
                0.0
            ],
            [
                1.0,
                0.0,
                0.0
            ],
            [
                0.03617571059431524,
                0.4134366925064599,
                0.5503875968992248
            ],
            [
                1.0,
                0.0,
                0.0
            ],
            [
                0.975609756097561,
                0.024390243902439025,
                0.0
            ],
            [
                0.9166666666666666,
                0.08333333333333333,
                0.0
            ],
            [
                0.7402597402597403,
                0.2597402597402597,
                0.0
            ],
            [
                0.9106145251396648,
                0.0893854748603352,
                0.0
            ],
            [
                0.7074468085106383,
                0.2712765957446808,
                0.02127659574468085
            ],
            [
                0.05263157894736842,
                0.7236842105263158,
                0.2236842105263158
            ],
            [
                0.20512820512820512,
                0.7435897435897436,
                0.05128205128205128
            ],
            [
                0.19858156028368795,
                0.4326241134751773,
                0.36879432624113473
            ],
            [
                0.36607142857142855,
                0.4642857142857143,
                0.16964285714285715
            ],
            [
                0.5188679245283019,
                0.45754716981132076,
                0.02358490566037736
            ],
            [
                0.10303030303030303,
                0.509090909090909,
                0.3878787878787879
            ],
            [
                0.6494252873563219,
                0.2471264367816092,
                0.10344827586206896
            ],
            [
                0.26635514018691586,
                0.2897196261682243,
                0.4439252336448598
            ],
            [
                0.18248175182481752,
                0.6642335766423357,
                0.15328467153284672
            ],
            [
                0.16216216216216217,
                0.3675675675675676,
                0.4702702702702703
            ],
            [
                0.425,
                0.5,
                0.075
            ],
            [
                0.3037974683544304,
                0.5822784810126582,
                0.11392405063291139
            ],
            [
                0.5,
                0.47619047619047616,
                0.023809523809523808
            ],
            [
                0.3584905660377358,
                0.4339622641509434,
                0.20754716981132076
            ],
            [
                0.04975124378109453,
                0.7860696517412935,
                0.16417910447761194
            ],
            [
                0.279874213836478,
                0.24528301886792453,
                0.4748427672955975
            ],
            [
                0.3424657534246575,
                0.4712328767123288,
                0.1863013698630137
            ]
        ],
        "X_train_histogram": [
            [
                1.0,
                0.0,
                0.0
            ],
            [
                1.0,
                0.0,
                0.0
            ],
            [
                1.0,
                0.0,
                0.0
            ],
            [
                1.0,
                0.0,
                0.0
            ],
            [
                1.0,
                0.0,
                0.0
            ],
            [
                1.0,
                0.0,
                0.0
            ],
            [
                0.9787234042553191,
                0.0,
                0.02127659574468085
            ],
            [
                1.0,
                0.0,
                0.0
            ],
            [
                1.0,
                0.0,
                0.0
            ],
            [
                1.0,
                0.0,
                0.0
            ],
            [
                1.0,
                0.0,
                0.0
            ],
            [
                0.9622641509433962,
                0.03773584905660377,
                0.0
            ],
            [
                1.0,
                0.0,
                0.0
            ],
            [
                0.9883720930232558,
                0.011627906976744186,
                0.0
            ],
            [
                0.9423076923076923,
                0.057692307692307696,
                0.0
            ],
            [
                1.0,
                0.0,
                0.0
            ],
            [
                0.9791666666666666,
                0.0,
                0.020833333333333332
            ],
            [
                1.0,
                0.0,
                0.0
            ],
            [
                1.0,
                0.0,
                0.0
            ],
            [
                1.0,
                0.0,
                0.0
            ],
            [
                0.98,
                0.02,
                0.0
            ],
            [
                1.0,
                0.0,
                0.0
            ],
            [
                0.8620689655172413,
                0.13793103448275862,
                0.0
            ],
            [
                1.0,
                0.0,
                0.0
            ],
            [
                1.0,
                0.0,
                0.0
            ],
            [
                1.0,
                0.0,
                0.0
            ],
            [
                0.9791666666666666,
                0.020833333333333332,
                0.0
            ],
            [
                0.9770114942528736,
                0.022988505747126436,
                0.0
            ],
            [
                1.0,
                0.0,
                0.0
            ],
            [
                1.0,
                0.0,
                0.0
            ],
            [
                1.0,
                0.0,
                0.0
            ],
            [
                0.8974358974358975,
                0.10256410256410256,
                0.0
            ],
            [
                0.9484536082474226,
                0.020618556701030927,
                0.030927835051546393
            ],
            [
                1.0,
                0.0,
                0.0
            ],
            [
                0.9072164948453608,
                0.09278350515463918,
                0.0
            ],
            [
                0.6666666666666666,
                0.2624113475177305,
                0.07092198581560284
            ],
            [
                0.8448275862068966,
                0.15517241379310345,
                0.0
            ],
            [
                0.9837837837837838,
                0.016216216216216217,
                0.0
            ],
            [
                0.6268656716417911,
                0.373134328358209,
                0.0
            ],
            [
                0.9910714285714286,
                0.008928571428571428,
                0.0
            ],
            [
                0.5128205128205128,
                0.05128205128205128,
                0.4358974358974359
            ],
            [
                0.9943820224719101,
                0.0,
                0.0056179775280898875
            ],
            [
                1.0,
                0.0,
                0.0
            ],
            [
                0.8142292490118577,
                0.10276679841897234,
                0.08300395256916997
            ],
            [
                0.8846153846153846,
                0.09615384615384616,
                0.019230769230769232
            ],
            [
                0.8908045977011494,
                0.09195402298850575,
                0.017241379310344827
            ],
            [
                0.6532258064516129,
                0.28225806451612906,
                0.06451612903225806
            ],
            [
                0.8940397350993378,
                0.0728476821192053,
                0.033112582781456956
            ],
            [
                0.8382352941176471,
                0.10294117647058823,
                0.058823529411764705
            ],
            [
                0.391304347826087,
                0.41304347826086957,
                0.1956521739130435
            ],
            [
                0.00558659217877095,
                0.994413407821229,
                0.0
            ],
            [
                0.25688073394495414,
                0.7247706422018348,
                0.01834862385321101
            ],
            [
                0.0,
                0.7213114754098361,
                0.2786885245901639
            ],
            [
                0.05263157894736842,
                0.8195488721804511,
                0.12781954887218044
            ],
            [
                0.0,
                0.9872611464968153,
                0.012738853503184714
            ],
            [
                0.6707317073170732,
                0.24390243902439024,
                0.08536585365853659
            ],
            [
                0.6223404255319149,
                0.3776595744680851,
                0.0
            ],
            [
                0.4457831325301205,
                0.5421686746987951,
                0.012048192771084338
            ],
            [
                0.4206896551724138,
                0.5379310344827586,
                0.041379310344827586
            ],
            [
                0.2815126050420168,
                0.6848739495798319,
                0.03361344537815126
            ],
            [
                0.0673076923076923,
                0.9038461538461539,
                0.028846153846153848
            ],
            [
                0.5329949238578681,
                0.45685279187817257,
                0.01015228426395939
            ],
            [
                0.11194029850746269,
                0.7835820895522388,
                0.1044776119402985
            ],
            [
                0.10526315789473684,
                0.7076023391812866,
                0.1871345029239766
            ],
            [
                0.28923076923076924,
                0.6984615384615385,
                0.012307692307692308
            ],
            [
                0.037037037037037035,
                0.7777777777777778,
                0.18518518518518517
            ],
            [
                0.02666666666666667,
                0.94,
                0.03333333333333333
            ],
            [
                0.3676092544987147,
                0.6143958868894601,
                0.017994858611825194
            ],
            [
                0.5833333333333334,
                0.4074074074074074,
                0.009259259259259259
            ],
            [
                0.0547945205479452,
                0.6301369863013698,
                0.3150684931506849
            ],
            [
                0.0,
                0.7887323943661971,
                0.2112676056338028
            ],
            [
                0.44493392070484583,
                0.5506607929515418,
                0.004405286343612335
            ],
            [
                0.00398406374501992,
                0.9482071713147411,
                0.04780876494023904
            ],
            [
                0.15503875968992248,
                0.8372093023255814,
                0.007751937984496124
            ],
            [
                0.7905405405405406,
                0.20945945945945946,
                0.0
            ],
            [
                0.2708333333333333,
                0.6527777777777778,
                0.0763888888888889
            ],
            [
                0.1411042944785276,
                0.7484662576687117,
                0.11042944785276074
            ],
            [
                0.2568493150684932,
                0.7431506849315068,
                0.0
            ],
            [
                0.6,
                0.37575757575757573,
                0.024242424242424242
            ],
            [
                0.0,
                0.6,
                0.4
            ],
            [
                0.11284046692607004,
                0.8365758754863813,
                0.05058365758754864
            ],
            [
                0.031055900621118012,
                0.7360248447204969,
                0.2329192546583851
            ],
            [
                0.02666666666666667,
                0.9333333333333333,
                0.04
            ],
            [
                0.06111111111111111,
                0.6333333333333333,
                0.3055555555555556
            ],
            [
                0.02032520325203252,
                0.9308943089430894,
                0.04878048780487805
            ],
            [
                0.05714285714285714,
                0.9324675324675324,
                0.01038961038961039
            ],
            [
                0.1179245283018868,
                0.7122641509433962,
                0.16981132075471697
            ],
            [
                0.18412698412698414,
                0.5142857142857142,
                0.30158730158730157
            ],
            [
                0.3153153153153153,
                0.6456456456456456,
                0.03903903903903904
            ],
            [
                0.15,
                0.78125,
                0.06875
            ],
            [
                0.0273972602739726,
                0.9452054794520548,
                0.0273972602739726
            ],
            [
                0.10714285714285714,
                0.8464285714285714,
                0.04642857142857143
            ],
            [
                0.0,
                0.046153846153846156,
                0.9538461538461539
            ],
            [
                0.4473684210526316,
                0.38345864661654133,
                0.16917293233082706
            ],
            [
                0.0,
                0.20710059171597633,
                0.7928994082840237
            ],
            [
                0.05934718100890208,
                0.2522255192878338,
                0.6884272997032641
            ],
            [
                0.0,
                0.4107142857142857,
                0.5892857142857143
            ],
            [
                0.08363636363636363,
                0.2109090909090909,
                0.7054545454545454
            ],
            [
                0.0,
                0.02681992337164751,
                0.9731800766283525
            ],
            [
                0.44936708860759494,
                0.25949367088607594,
                0.2911392405063291
            ],
            [
                0.0,
                0.0,
                1.0
            ],
            [
                0.0,
                0.0,
                1.0
            ],
            [
                0.1440501043841336,
                0.3862212943632568,
                0.4697286012526096
            ],
            [
                0.37249283667621774,
                0.2492836676217765,
                0.37822349570200575
            ],
            [
                0.004106776180698152,
                0.01026694045174538,
                0.9856262833675564
            ],
            [
                0.1910569105691057,
                0.3231707317073171,
                0.48577235772357724
            ],
            [
                0.25486725663716814,
                0.2424778761061947,
                0.5026548672566372
            ],
            [
                0.0017921146953405018,
                0.24731182795698925,
                0.7508960573476703
            ],
            [
                0.01694915254237288,
                0.06991525423728813,
                0.913135593220339
            ],
            [
                0.14078674948240166,
                0.2443064182194617,
                0.6149068322981367
            ],
            [
                0.024415055951169887,
                0.0335707019328586,
                0.9420142421159715
            ],
            [
                0.0024509803921568627,
                0.004901960784313725,
                0.9926470588235294
            ],
            [
                0.08722741433021806,
                0.07320872274143302,
                0.839563862928349
            ],
            [
                0.14072494669509594,
                0.11513859275053305,
                0.744136460554371
            ],
            [
                0.12826603325415678,
                0.21852731591448932,
                0.6532066508313539
            ],
            [
                0.025594149908592323,
                0.170018281535649,
                0.8043875685557587
            ],
            [
                0.06354916067146282,
                0.08393285371702638,
                0.8525179856115108
            ]
        ],
        "test_balanced_acc": 0.7303807303807304,
        "train_balanced_acc": 0.8906185730105997,
        "y_test_histogram": [
            0,
            2,
            2,
            2,
            0,
            0,
            2,
            0,
            0,
            0,
            0,
            0,
            0,
            0,
            0,
            0,
            0,
            1,
            1,
            1,
            1,
            1,
            1,
            1,
            1,
            1,
            1,
            1,
            2,
            2
        ],
        "y_train_histogram": [
            0,
            0,
            0,
            0,
            0,
            0,
            0,
            0,
            0,
            0,
            0,
            0,
            0,
            0,
            0,
            0,
            0,
            0,
            0,
            0,
            0,
            0,
            0,
            0,
            0,
            0,
            0,
            0,
            0,
            0,
            0,
            0,
            0,
            0,
            0,
            0,
            0,
            0,
            0,
            0,
            0,
            0,
            0,
            0,
            0,
            0,
            0,
            0,
            0,
            1,
            1,
            1,
            1,
            1,
            1,
            1,
            1,
            1,
            1,
            1,
            1,
            1,
            1,
            1,
            1,
            1,
            1,
            1,
            1,
            1,
            1,
            1,
            1,
            1,
            1,
            1,
            1,
            1,
            1,
            1,
            1,
            1,
            1,
            1,
            1,
            1,
            1,
            1,
            1,
            1,
            1,
            1,
            2,
            2,
            2,
            2,
            2,
            2,
            2,
            2,
            2,
            2,
            2,
            2,
            2,
            2,
            2,
            2,
            2,
            2,
            2,
            2,
            2,
            2,
            2,
            2,
            2
        ]
    },
    "1": {
        "X_test_histogram": [
            [
                1.0,
                0.0,
                0.0
            ],
            [
                1.0,
                0.0,
                0.0
            ],
            [
                0.06545454545454546,
                0.2545454545454545,
                0.68
            ],
            [
                0.0,
                0.00792393026941363,
                0.9920760697305864
            ],
            [
                1.0,
                0.0,
                0.0
            ],
            [
                0.0,
                0.00823045267489712,
                0.9917695473251029
            ],
            [
                1.0,
                0.0,
                0.0
            ],
            [
                0.7924528301886793,
                0.18867924528301888,
                0.018867924528301886
            ],
            [
                0.0017921146953405018,
                0.2921146953405018,
                0.7060931899641577
            ],
            [
                0.872093023255814,
                0.10465116279069768,
                0.023255813953488372
            ],
            [
                0.75,
                0.21153846153846154,
                0.038461538461538464
            ],
            [
                0.9285714285714286,
                0.07142857142857142,
                0.0
            ],
            [
                0.9166666666666666,
                0.020833333333333332,
                0.0625
            ],
            [
                1.0,
                0.0,
                0.0
            ],
            [
                0.38,
                0.5,
                0.12
            ],
            [
                0.07074340527577938,
                0.14628297362110312,
                0.7829736211031175
            ],
            [
                0.2127659574468085,
                0.6666666666666666,
                0.12056737588652482
            ],
            [
                0.8125,
                0.16964285714285715,
                0.017857142857142856
            ],
            [
                0.00558659217877095,
                0.9497206703910615,
                0.0446927374301676
            ],
            [
                0.00546448087431694,
                0.2786885245901639,
                0.7158469945355191
            ],
            [
                0.18045112781954886,
                0.47368421052631576,
                0.3458646616541353
            ],
            [
                0.1346153846153846,
                0.6346153846153846,
                0.23076923076923078
            ],
            [
                0.1588785046728972,
                0.2897196261682243,
                0.5514018691588785
            ],
            [
                0.06374501992031872,
                0.7729083665338645,
                0.16334661354581673
            ],
            [
                0.2361111111111111,
                0.625,
                0.1388888888888889
            ],
            [
                0.22151898734177214,
                0.569620253164557,
                0.2088607594936709
            ],
            [
                0.0,
                0.0,
                1.0
            ],
            [
                0.29559748427672955,
                0.4088050314465409,
                0.29559748427672955
            ],
            [
                0.32432432432432434,
                0.5045045045045045,
                0.17117117117117117
            ],
            [
                0.0,
                0.24260355029585798,
                0.757396449704142
            ]
        ],
        "X_train_histogram": [
            [
                1.0,
                0.0,
                0.0
            ],
            [
                1.0,
                0.0,
                0.0
            ],
            [
                1.0,
                0.0,
                0.0
            ],
            [
                1.0,
                0.0,
                0.0
            ],
            [
                1.0,
                0.0,
                0.0
            ],
            [
                1.0,
                0.0,
                0.0
            ],
            [
                1.0,
                0.0,
                0.0
            ],
            [
                1.0,
                0.0,
                0.0
            ],
            [
                1.0,
                0.0,
                0.0
            ],
            [
                1.0,
                0.0,
                0.0
            ],
            [
                1.0,
                0.0,
                0.0
            ],
            [
                1.0,
                0.0,
                0.0
            ],
            [
                1.0,
                0.0,
                0.0
            ],
            [
                1.0,
                0.0,
                0.0
            ],
            [
                1.0,
                0.0,
                0.0
            ],
            [
                1.0,
                0.0,
                0.0
            ],
            [
                1.0,
                0.0,
                0.0
            ],
            [
                1.0,
                0.0,
                0.0
            ],
            [
                0.9761904761904762,
                0.023809523809523808,
                0.0
            ],
            [
                1.0,
                0.0,
                0.0
            ],
            [
                0.9888888888888889,
                0.011111111111111112,
                0.0
            ],
            [
                0.9583333333333334,
                0.041666666666666664,
                0.0
            ],
            [
                0.9425287356321839,
                0.05747126436781609,
                0.0
            ],
            [
                1.0,
                0.0,
                0.0
            ],
            [
                1.0,
                0.0,
                0.0
            ],
            [
                0.9905660377358491,
                0.009433962264150943,
                0.0
            ],
            [
                1.0,
                0.0,
                0.0
            ],
            [
                0.9072164948453608,
                0.041237113402061855,
                0.05154639175257732
            ],
            [
                1.0,
                0.0,
                0.0
            ],
            [
                0.9381443298969072,
                0.061855670103092786,
                0.0
            ],
            [
                0.9545454545454546,
                0.045454545454545456,
                0.0
            ],
            [
                0.9310344827586207,
                0.06896551724137931,
                0.0
            ],
            [
                1.0,
                0.0,
                0.0
            ],
            [
                0.9891891891891892,
                0.010810810810810811,
                0.0
            ],
            [
                0.746268656716418,
                0.22388059701492538,
                0.029850746268656716
            ],
            [
                0.8776595744680851,
                0.10638297872340426,
                0.015957446808510637
            ],
            [
                0.9230769230769231,
                0.05128205128205128,
                0.02564102564102564
            ],
            [
                0.9887640449438202,
                0.011235955056179775,
                0.0
            ],
            [
                0.6710526315789473,
                0.23684210526315788,
                0.09210526315789473
            ],
            [
                0.9607843137254902,
                0.0392156862745098,
                0.0
            ],
            [
                0.9486166007905138,
                0.04743083003952569,
                0.003952569169960474
            ],
            [
                0.7863247863247863,
                0.18803418803418803,
                0.02564102564102564
            ],
            [
                0.9519230769230769,
                0.028846153846153848,
                0.019230769230769232
            ],
            [
                0.8014184397163121,
                0.0851063829787234,
                0.11347517730496454
            ],
            [
                1.0,
                0.0,
                0.0
            ],
            [
                0.8104838709677419,
                0.1532258064516129,
                0.036290322580645164
            ],
            [
                0.9735099337748344,
                0.026490066225165563,
                0.0
            ],
            [
                0.9196428571428571,
                0.05357142857142857,
                0.026785714285714284
            ],
            [
                0.9191176470588235,
                0.08088235294117647,
                0.0
            ],
            [
                0.13043478260869565,
                0.5652173913043478,
                0.30434782608695654
            ],
            [
                0.24770642201834864,
                0.7522935779816514,
                0.0
            ],
            [
                0.0,
                0.9936305732484076,
                0.006369426751592357
            ],
            [
                0.5,
                0.42073170731707316,
                0.07926829268292683
            ],
            [
                0.5957446808510638,
                0.40425531914893614,
                0.0
            ],
            [
                0.2289156626506024,
                0.7710843373493976,
                0.0
            ],
            [
                0.19339622641509435,
                0.8018867924528302,
                0.0047169811320754715
            ],
            [
                0.30344827586206896,
                0.6482758620689655,
                0.04827586206896552
            ],
            [
                0.25210084033613445,
                0.7394957983193278,
                0.008403361344537815
            ],
            [
                0.34517766497461927,
                0.6446700507614214,
                0.01015228426395939
            ],
            [
                0.03731343283582089,
                0.9029850746268657,
                0.05970149253731343
            ],
            [
                0.06432748538011696,
                0.9122807017543859,
                0.023391812865497075
            ],
            [
                0.06060606060606061,
                0.9030303030303031,
                0.03636363636363636
            ],
            [
                0.28615384615384615,
                0.7107692307692308,
                0.003076923076923077
            ],
            [
                0.4425287356321839,
                0.5402298850574713,
                0.017241379310344827
            ],
            [
                0.10218978102189781,
                0.8613138686131386,
                0.0364963503649635
            ],
            [
                0.0,
                0.9629629629629629,
                0.037037037037037035
            ],
            [
                0.0972972972972973,
                0.8540540540540541,
                0.04864864864864865
            ],
            [
                0.006666666666666667,
                0.9533333333333334,
                0.04
            ],
            [
                0.20822622107969152,
                0.7737789203084833,
                0.017994858611825194
            ],
            [
                0.4537037037037037,
                0.5370370370370371,
                0.009259259259259259
            ],
            [
                0.03424657534246575,
                0.8082191780821918,
                0.15753424657534246
            ],
            [
                0.0,
                1.0,
                0.0
            ],
            [
                0.2511013215859031,
                0.748898678414097,
                0.0
            ],
            [
                0.07751937984496124,
                0.9224806201550387,
                0.0
            ],
            [
                0.7162162162162162,
                0.27702702702702703,
                0.006756756756756757
            ],
            [
                0.295,
                0.7,
                0.005
            ],
            [
                0.09815950920245399,
                0.852760736196319,
                0.049079754601226995
            ],
            [
                0.2602739726027397,
                0.7363013698630136,
                0.003424657534246575
            ],
            [
                0.31746031746031744,
                0.6825396825396826,
                0.0
            ],
            [
                0.5212121212121212,
                0.4666666666666667,
                0.012121212121212121
            ],
            [
                0.07782101167315175,
                0.8988326848249028,
                0.023346303501945526
            ],
            [
                0.018633540372670808,
                0.8913043478260869,
                0.09006211180124224
            ],
            [
                0.03,
                0.96,
                0.01
            ],
            [
                0.044444444444444446,
                0.8388888888888889,
                0.11666666666666667
            ],
            [
                0.0040650406504065045,
                0.9878048780487805,
                0.008130081300813009
            ],
            [
                0.007792207792207792,
                0.9922077922077922,
                0.0
            ],
            [
                0.0330188679245283,
                0.9009433962264151,
                0.0660377358490566
            ],
            [
                0.14603174603174604,
                0.6952380952380952,
                0.15873015873015872
            ],
            [
                0.009950248756218905,
                0.9850746268656716,
                0.004975124378109453
            ],
            [
                0.0375,
                0.9375,
                0.025
            ],
            [
                0.0273972602739726,
                0.9680365296803652,
                0.0045662100456621
            ],
            [
                0.060714285714285714,
                0.9035714285714286,
                0.03571428571428571
            ],
            [
                0.0,
                0.003076923076923077,
                0.9969230769230769
            ],
            [
                0.38721804511278196,
                0.24436090225563908,
                0.3684210526315789
            ],
            [
                0.040880503144654086,
                0.09748427672955975,
                0.8616352201257862
            ],
            [
                0.12602739726027398,
                0.10136986301369863,
                0.7726027397260274
            ],
            [
                0.06528189910979229,
                0.11275964391691394,
                0.8219584569732937
            ],
            [
                0.0,
                0.03571428571428571,
                0.9642857142857143
            ],
            [
                0.0,
                0.0038314176245210726,
                0.9961685823754789
            ],
            [
                0.2468354430379747,
                0.1962025316455696,
                0.5569620253164557
            ],
            [
                0.05952380952380952,
                0.14682539682539683,
                0.7936507936507936
            ],
            [
                0.042105263157894736,
                0.1736842105263158,
                0.7842105263157895
            ],
            [
                0.15031315240083507,
                0.23382045929018788,
                0.615866388308977
            ],
            [
                0.27507163323782235,
                0.10601719197707736,
                0.6189111747851003
            ],
            [
                0.04739336492890995,
                0.14691943127962084,
                0.8056872037914692
            ],
            [
                0.004106776180698152,
                0.002053388090349076,
                0.9938398357289527
            ],
            [
                0.1565040650406504,
                0.2032520325203252,
                0.6402439024390244
            ],
            [
                0.21415929203539824,
                0.20353982300884957,
                0.5823008849557522
            ],
            [
                0.029661016949152543,
                0.023305084745762712,
                0.9470338983050848
            ],
            [
                0.10973084886128365,
                0.13250517598343686,
                0.7577639751552795
            ],
            [
                0.013224821973550356,
                0.009155645981688708,
                0.9776195320447609
            ],
            [
                0.0,
                0.0024509803921568627,
                0.9975490196078431
            ],
            [
                0.037383177570093455,
                0.04672897196261682,
                0.9158878504672897
            ],
            [
                0.08315565031982942,
                0.03837953091684435,
                0.8784648187633263
            ],
            [
                0.09026128266033254,
                0.11401425178147269,
                0.7957244655581948
            ],
            [
                0.021937842778793418,
                0.043875685557586835,
                0.9341864716636198
            ],
            [
                0.007751937984496124,
                0.10594315245478036,
                0.8863049095607235
            ]
        ],
        "test_balanced_acc": 0.8578088578088577,
        "train_balanced_acc": 0.9721120075937352,
        "y_test_histogram": [
            0,
            0,
            2,
            2,
            0,
            2,
            0,
            0,
            2,
            0,
            0,
            0,
            0,
            0,
            0,
            2,
            0,
            0,
            1,
            1,
            1,
            1,
            1,
            1,
            1,
            1,
            1,
            1,
            1,
            2
        ],
        "y_train_histogram": [
            0,
            0,
            0,
            0,
            0,
            0,
            0,
            0,
            0,
            0,
            0,
            0,
            0,
            0,
            0,
            0,
            0,
            0,
            0,
            0,
            0,
            0,
            0,
            0,
            0,
            0,
            0,
            0,
            0,
            0,
            0,
            0,
            0,
            0,
            0,
            0,
            0,
            0,
            0,
            0,
