{
    "0": {
        "X_test_histogram": [
            [
                1.0,
                0.0,
                0.0
            ],
            [
                0.07539682539682539,
                0.24206349206349206,
                0.6825396825396826
            ],
            [
                0.49736842105263157,
                0.2894736842105263,
                0.2131578947368421
            ],
            [
                0.14218009478672985,
                0.35071090047393366,
                0.5071090047393365
            ],
            [
                0.9587628865979382,
                0.041237113402061855,
                0.0
            ],
            [
                0.5,
                0.5,
                0.0
            ],
            [
                0.22997416020671835,
                0.19121447028423771,
                0.5788113695090439
            ],
            [
                1.0,
                0.0,
                0.0
            ],
            [
                1.0,
                0.0,
                0.0
            ],
            [
                0.8095238095238095,
                0.19047619047619047,
                0.0
            ],
            [
                0.8701298701298701,
                0.12987012987012986,
                0.0
            ],
            [
                0.7541899441340782,
                0.22905027932960895,
                0.01675977653631285
            ],
            [
                0.7393617021276596,
                0.26063829787234044,
                0.0
            ],
            [
                0.6842105263157895,
                0.3026315789473684,
                0.013157894736842105
            ],
            [
                0.36752136752136755,
                0.6239316239316239,
                0.008547008547008548
            ],
            [
                0.475177304964539,
                0.2765957446808511,
                0.24822695035460993
            ],
            [
                0.39285714285714285,
                0.38392857142857145,
                0.22321428571428573
            ],
            [
                0.5424528301886793,
                0.37264150943396224,
                0.08490566037735849
            ],
            [
                0.4666666666666667,
                0.3575757575757576,
                0.17575757575757575
            ],
            [
                0.6379310344827587,
                0.2413793103448276,
                0.1206896551724138
            ],
            [
                0.32710280373831774,
                0.16355140186915887,
                0.5093457943925234
            ],
            [
                0.5401459854014599,
                0.45985401459854014,
                0.0
            ],
            [
                0.23783783783783785,
                0.3945945945945946,
                0.3675675675675676
            ],
            [
                0.68,
                0.295,
                0.025
            ],
            [
                0.7911392405063291,
                0.20253164556962025,
                0.006329113924050633
            ],
            [
                0.8214285714285714,
                0.1746031746031746,
                0.003968253968253968
            ],
            [
                0.8050314465408805,
                0.0880503144654088,
                0.1069182389937107
            ],
            [
                0.3582089552238806,
                0.5373134328358209,
                0.1044776119402985
            ],
            [
                0.5849056603773585,
                0.3490566037735849,
                0.0660377358490566
            ],
            [
                0.6164383561643836,
                0.34794520547945207,
                0.03561643835616438
            ]
        ],
        "X_train_histogram": [
            [
                0.9873417721518988,
                0.012658227848101266,
                0.0
            ],
            [
                1.0,
                0.0,
                0.0
            ],
            [
                1.0,
                0.0,
                0.0
            ],
            [
                0.9578947368421052,
                0.042105263157894736,
                0.0
            ],
            [
                1.0,
                0.0,
                0.0
            ],
            [
                1.0,
                0.0,
                0.0
            ],
            [
                1.0,
                0.0,
                0.0
            ],
            [
                1.0,
                0.0,
                0.0
            ],
            [
                1.0,
                0.0,
                0.0
            ],
            [
                0.9850746268656716,
                0.014925373134328358,
                0.0
            ],
            [
                0.9807692307692307,
                0.019230769230769232,
                0.0
            ],
            [
                0.8867924528301887,
                0.11320754716981132,
                0.0
            ],
            [
                0.9782608695652174,
                0.021739130434782608,
                0.0
            ],
            [
                1.0,
                0.0,
                0.0
            ],
            [
                0.8846153846153846,
                0.11538461538461539,
                0.0
            ],
            [
                0.7846153846153846,
                0.2153846153846154,
                0.0
            ],
            [
                0.9375,
                0.0625,
                0.0
            ],
            [
                1.0,
                0.0,
                0.0
            ],
            [
                1.0,
                0.0,
                0.0
            ],
            [
                0.9148936170212766,
                0.0851063829787234,
                0.0
            ],
            [
                0.96,
                0.04,
                0.0
            ],
            [
                1.0,
                0.0,
                0.0
            ],
            [
                0.9827586206896551,
                0.017241379310344827,
                0.0
            ],
            [
                1.0,
                0.0,
                0.0
            ],
            [
                0.9642857142857143,
                0.03571428571428571,
                0.0
            ],
            [
                0.9333333333333333,
                0.06666666666666667,
                0.0
            ],
            [
                0.8229166666666666,
                0.125,
                0.052083333333333336
            ],
            [
                0.7586206896551724,
                0.2413793103448276,
                0.0
            ],
            [
                0.8956521739130435,
                0.10434782608695652,
                0.0
            ],
            [
                0.9540229885057471,
                0.04597701149425287,
                0.0
            ],
            [
                0.9528301886792453,
                0.03773584905660377,
                0.009433962264150943
            ],
            [
                0.9743589743589743,
                0.02564102564102564,
                0.0
            ],
            [
                0.9175257731958762,
                0.07216494845360824,
                0.010309278350515464
            ],
            [
                0.9130434782608695,
                0.07608695652173914,
                0.010869565217391304
            ],
            [
                0.8041237113402062,
                0.1958762886597938,
                0.0
            ],
            [
                0.8156028368794326,
                0.18439716312056736,
                0.0
            ],
            [
                0.7413793103448276,
                0.22413793103448276,
                0.034482758620689655
            ],
            [
                0.9405405405405406,
                0.05405405405405406,
                0.005405405405405406
            ],
            [
                0.7014925373134329,
                0.29850746268656714,
                0.0
            ],
            [
                1.0,
                0.0,
                0.0
            ],
            [
                0.48717948717948717,
                0.0,
                0.5128205128205128
            ],
            [
                0.9719101123595506,
                0.028089887640449437,
                0.0
            ],
            [
                0.6666666666666666,
                0.17647058823529413,
                0.1568627450980392
            ],
            [
                0.924901185770751,
                0.05533596837944664,
                0.019762845849802372
            ],
            [
                0.8557692307692307,
                0.1346153846153846,
                0.009615384615384616
            ],
            [
                0.8045977011494253,
                0.14367816091954022,
                0.05172413793103448
            ],
            [
                0.9233870967741935,
                0.07661290322580645,
                0.0
            ],
            [
                0.847682119205298,
                0.152317880794702,
                0.0
            ],
            [
                0.5220588235294118,
                0.3161764705882353,
                0.16176470588235295
            ],
            [
                0.34782608695652173,
                0.2391304347826087,
                0.41304347826086957
            ],
            [
                0.0111731843575419,
                0.9608938547486033,
                0.027932960893854747
            ],
            [
                0.22018348623853212,
                0.7614678899082569,
                0.01834862385321101
            ],
            [
                0.0,
                0.24043715846994534,
                0.7595628415300546
            ],
            [
                0.49624060150375937,
                0.43609022556390975,
                0.06766917293233082
            ],
            [
                0.0,
                0.7070063694267515,
                0.2929936305732484
            ],
            [
                0.6707317073170732,
                0.23170731707317074,
                0.0975609756097561
            ],
            [
                0.5851063829787234,
                0.3776595744680851,
                0.03723404255319149
            ],
            [
                0.4457831325301205,
                0.5542168674698795,
                0.0
            ],
            [
                0.4896551724137931,
                0.32413793103448274,
                0.18620689655172415
            ],
            [
                0.4957983193277311,
                0.5042016806722689,
                0.0
            ],
            [
                0.6826923076923077,
                0.3173076923076923,
                0.0
            ],
            [
                0.7411167512690355,
                0.25888324873096447,
                0.0
            ],
            [
                0.08955223880597014,
                0.29850746268656714,
                0.6119402985074627
            ],
            [
                0.0935672514619883,
                0.3742690058479532,
                0.5321637426900585
            ],
            [
                0.37846153846153846,
                0.6184615384615385,
                0.003076923076923077
            ],
            [
                0.16049382716049382,
                0.6049382716049383,
                0.2345679012345679
            ],
            [
                0.5266666666666666,
                0.47333333333333333,
                0.0
            ],
            [
                0.7583547557840618,
                0.2416452442159383,
                0.0
            ],
            [
                0.5185185185185185,
                0.46296296296296297,
                0.018518518518518517
            ],
            [
                0.4246575342465753,
                0.4520547945205479,
                0.1232876712328767
            ],
            [
                0.04225352112676056,
                0.4084507042253521,
                0.5492957746478874
            ],
            [
                0.5947136563876652,
                0.4052863436123348,
                0.0
            ],
            [
                0.199203187250996,
                0.8007968127490039,
                0.0
            ],
            [
                0.6046511627906976,
                0.3953488372093023,
                0.0
            ],
            [
                0.7432432432432432,
                0.25,
                0.006756756756756757
            ],
            [
                0.5416666666666666,
                0.3402777777777778,
                0.11805555555555555
            ],
            [
                0.10429447852760736,
                0.6748466257668712,
                0.22085889570552147
            ],
            [
                0.565068493150685,
                0.4178082191780822,
                0.017123287671232876
            ],
            [
                0.6848484848484848,
                0.2787878787878788,
                0.03636363636363636
            ],
            [
                0.0,
                0.5529411764705883,
                0.4470588235294118
            ],
            [
                0.5408560311284046,
                0.40077821011673154,
                0.058365758754863814
            ],
            [
                0.43788819875776397,
                0.45962732919254656,
                0.10248447204968944
            ],
            [
                0.02666666666666667,
                0.8166666666666667,
                0.15666666666666668
            ],
            [
                0.39444444444444443,
                0.43333333333333335,
                0.17222222222222222
            ],
            [
                0.13414634146341464,
                0.6869918699186992,
                0.17886178861788618
            ],
            [
                0.11428571428571428,
                0.8181818181818182,
                0.06753246753246753
            ],
            [
                0.5235849056603774,
                0.44339622641509435,
                0.0330188679245283
            ],
            [
                0.3619047619047619,
                0.3746031746031746,
                0.2634920634920635
            ],
            [
                0.6936936936936937,
                0.3063063063063063,
                0.0
            ],
            [
                0.61875,
                0.35,
                0.03125
            ],
            [
                0.0228310502283105,
                0.6666666666666666,
                0.3105022831050228
            ],
            [
                0.7392857142857143,
                0.2571428571428571,
                0.0035714285714285713
            ],
            [
                0.0,
                0.024615384615384615,
                0.9753846153846154
            ],
            [
                0.924812030075188,
                0.06766917293233082,
                0.007518796992481203
            ],
            [
                0.0,
                0.023668639053254437,
                0.9763313609467456
            ],
            [
                0.35311572700296734,
                0.18694362017804153,
                0.4599406528189911
            ],
            [
                0.0,
                0.0,
                1.0
            ],
            [
                0.2109090909090909,
                0.23272727272727273,
                0.5563636363636364
            ],
            [
                0.0,
                0.06130268199233716,
                0.9386973180076629
            ],
            [
                0.36075949367088606,
                0.34810126582278483,
                0.2911392405063291
            ],
            [
                0.0,
                0.0,
                1.0
            ],
            [
                0.0,
                0.0,
                1.0
            ],
            [
                0.6012526096033403,
                0.18789144050104384,
                0.21085594989561587
            ],
            [
                0.37679083094555876,
                0.29369627507163326,
                0.32951289398280803
            ],
            [
                0.022587268993839837,
                0.04106776180698152,
                0.9363449691991786
            ],
            [
                0.4105691056910569,
                0.2682926829268293,
                0.32113821138211385
            ],
            [
                0.4336283185840708,
                0.336283185840708,
                0.23008849557522124
            ],
            [
                0.26344086021505375,
                0.36917562724014336,
                0.3673835125448029
            ],
            [
                0.038135593220338986,
                0.20127118644067796,
                0.760593220338983
            ],
            [
                0.6066252587991718,
                0.2670807453416149,
                0.12629399585921325
            ],
            [
                0.04170905391658189,
                0.08341810783316378,
                0.8748728382502543
            ],
            [
                0.0196078431372549,
                0.03676470588235294,
                0.9436274509803921
            ],
            [
                0.12461059190031153,
                0.06853582554517133,
                0.8068535825545171
            ],
            [
                0.3411513859275053,
                0.10021321961620469,
                0.55863539445629
            ],
            [
                0.22565320665083136,
                0.22565320665083136,
                0.5486935866983373
            ],
            [
                0.10786106032906764,
                0.20109689213893966,
                0.6910420475319927
            ],
            [
                0.21103117505995203,
                0.11031175059952038,
                0.6786570743405276
            ]
        ],
        "test_balanced_acc": 0.5839160839160839,
        "train_balanced_acc": 0.7854833096029109,
        "y_test_histogram": [
            0,
            2,
            2,
            2,
            0,
            0,
            2,
            0,
            0,
            0,
            0,
            0,
            0,
            0,
            0,
            0,
            0,
            1,
            1,
            1,
            1,
            1,
            1,
            1,
            1,
            1,
            1,
            1,
            2,
            2
        ],
        "y_train_histogram": [
            0,
            0,
            0,
            0,
            0,
            0,
            0,
            0,
            0,
            0,
            0,
            0,
            0,
            0,
            0,
            0,
            0,
            0,
            0,
            0,
            0,
            0,
            0,
            0,
            0,
            0,
            0,
            0,
            0,
            0,
            0,
            0,
            0,
            0,
            0,
            0,
            0,
            0,
            0,
            0,
            0,
            0,
            0,
            0,
            0,
            0,
            0,
            0,
            0,
            1,
            1,
            1,
            1,
            1,
            1,
            1,
            1,
            1,
            1,
            1,
            1,
            1,
            1,
            1,
            1,
            1,
            1,
            1,
            1,
            1,
            1,
            1,
            1,
            1,
            1,
            1,
            1,
            1,
            1,
            1,
            1,
            1,
            1,
            1,
            1,
            1,
            1,
            1,
            1,
            1,
            1,
            1,
            2,
            2,
            2,
            2,
            2,
            2,
            2,
            2,
            2,
            2,
            2,
            2,
            2,
            2,
            2,
            2,
            2,
            2,
            2,
            2,
            2,
            2,
            2,
            2,
            2
        ]
    },
    "1": {
        "X_test_histogram": [
            [
                1.0,
                0.0,
                0.0
            ],
            [
                0.8607594936708861,
                0.13924050632911392,
                0.0
            ],
            [
                0.12363636363636364,
                0.3890909090909091,
                0.48727272727272725
            ],
            [
                0.0,
                0.00792393026941363,
                0.9920760697305864
            ],
            [
                0.9302325581395349,
                0.06976744186046512,
                0.0
            ],
            [
                0.0,
                0.00823045267489712,
                0.9917695473251029
            ],
            [
                1.0,
                0.0,
                0.0
            ],
            [
                0.7735849056603774,
                0.18867924528301888,
                0.03773584905660377
            ],
            [
                0.21863799283154123,
                0.37992831541218636,
                0.4014336917562724
            ],
            [
                0.9767441860465116,
                0.023255813953488372,
                0.0
            ],
            [
                0.7884615384615384,
                0.21153846153846154,
                0.0
            ],
            [
                0.14285714285714285,
                0.7142857142857143,
                0.14285714285714285
            ],
            [
                0.8333333333333334,
                0.16666666666666666,
                0.0
            ],
            [
                0.723404255319149,
                0.2553191489361702,
                0.02127659574468085
            ],
            [
                0.4,
                0.58,
                0.02
            ],
            [
                0.14628297362110312,
                0.15467625899280577,
                0.6990407673860911
            ],
            [
                0.46808510638297873,
                0.475177304964539,
                0.05673758865248227
            ],
            [
                0.9285714285714286,
                0.07142857142857142,
                0.0
            ],
            [
                0.0223463687150838,
                0.7932960893854749,
                0.18435754189944134
            ],
            [
                0.0,
                0.16939890710382513,
                0.8306010928961749
            ],
            [
                0.47368421052631576,
                0.38345864661654133,
                0.14285714285714285
            ],
            [
                0.625,
                0.375,
                0.0
            ],
            [
                0.22429906542056074,
                0.22429906542056074,
                0.5514018691588785
            ],
            [
                0.2589641434262948,
                0.649402390438247,
                0.09163346613545817
            ],
            [
                0.4166666666666667,
                0.4027777777777778,
                0.18055555555555555
            ],
            [
                0.6392405063291139,
                0.33544303797468356,
                0.02531645569620253
            ],
            [
                0.0,
                0.058823529411764705,
                0.9411764705882353
            ],
            [
                0.6729559748427673,
                0.1761006289308176,
                0.1509433962264151
            ],
            [
                0.6756756756756757,
                0.2912912912912913,
                0.03303303303303303
            ],
            [
                0.0,
                0.1301775147928994,
                0.8698224852071006
            ]
        ],
        "X_train_histogram": [
            [
                1.0,
                0.0,
                0.0
            ],
            [
                0.9629629629629629,
                0.037037037037037035,
                0.0
            ],
            [
                0.9578947368421052,
                0.042105263157894736,
                0.0
            ],
            [
                1.0,
                0.0,
                0.0
            ],
            [
                0.8936170212765957,
                0.0425531914893617,
                0.06382978723404255
            ],
            [
                0.9787234042553191,
                0.02127659574468085,
                0.0
            ],
            [
                0.9253731343283582,
                0.07462686567164178,
                0.0
            ],
            [
                0.9690721649484536,
                0.030927835051546393,
                0.0
            ],
            [
                0.9615384615384616,
                0.038461538461538464,
                0.0
            ],
            [
                0.9130434782608695,
                0.06521739130434782,
                0.021739130434782608
            ],
            [
                0.7846153846153846,
                0.2,
                0.015384615384615385
            ],
            [
                1.0,
                0.0,
                0.0
            ],
            [
                0.98,
                0.02,
                0.0
            ],
            [
                0.9881656804733728,
                0.011834319526627219,
                0.0
            ],
            [
                0.9827586206896551,
                0.017241379310344827,
                0.0
            ],
            [
                1.0,
                0.0,
                0.0
            ],
            [
                1.0,
                0.0,
                0.0
            ],
            [
                1.0,
                0.0,
                0.0
            ],
            [
                0.9166666666666666,
                0.08333333333333333,
                0.0
            ],
            [
                0.9285714285714286,
                0.0625,
                0.008928571428571428
            ],
            [
                0.9777777777777777,
                0.022222222222222223,
                0.0
            ],
            [
                0.8333333333333334,
                0.10416666666666667,
                0.0625
            ],
            [
                0.8045977011494253,
                0.1839080459770115,
                0.011494252873563218
            ],
            [
                0.9652173913043478,
                0.034782608695652174,
                0.0
            ],
            [
                0.9770114942528736,
                0.022988505747126436,
                0.0
            ],
            [
                0.9433962264150944,
                0.03773584905660377,
                0.018867924528301886
            ],
            [
                0.8974358974358975,
                0.10256410256410256,
                0.0
            ],
            [
                0.8969072164948454,
                0.09278350515463918,
                0.010309278350515464
            ],
            [
                0.9891304347826086,
                0.010869565217391304,
                0.0
            ],
            [
                0.845360824742268,
                0.15463917525773196,
                0.0
            ],
            [
                0.9155844155844156,
                0.08441558441558442,
                0.0
            ],
            [
                1.0,
                0.0,
                0.0
            ],
            [
                0.9608938547486033,
                0.0335195530726257,
                0.00558659217877095
            ],
            [
                0.9459459459459459,
                0.04864864864864865,
                0.005405405405405406
            ],
            [
                0.7313432835820896,
                0.26865671641791045,
                0.0
            ],
            [
                0.8776595744680851,
                0.12234042553191489,
                0.0
            ],
            [
                0.7948717948717948,
                0.02564102564102564,
                0.1794871794871795
            ],
            [
                0.9775280898876404,
                0.02247191011235955,
                0.0
            ],
            [
                0.8289473684210527,
                0.09210526315789473,
                0.07894736842105263
            ],
            [
                0.7254901960784313,
                0.13725490196078433,
                0.13725490196078433
            ],
            [
                0.8774703557312253,
                0.07509881422924901,
                0.04743083003952569
            ],
            [
                0.6239316239316239,
                0.37606837606837606,
                0.0
            ],
            [
                0.9519230769230769,
                0.038461538461538464,
                0.009615384615384616
            ],
            [
                0.6879432624113475,
                0.12056737588652482,
                0.19148936170212766
            ],
            [
                0.8620689655172413,
                0.08620689655172414,
                0.05172413793103448
            ],
            [
                0.8951612903225806,
                0.08870967741935484,
                0.016129032258064516
            ],
            [
                0.8079470198675497,
                0.17880794701986755,
                0.013245033112582781
            ],
            [
                0.6696428571428571,
                0.125,
                0.20535714285714285
            ],
            [
                0.9044117647058824,
                0.0661764705882353,
                0.029411764705882353
            ],
            [
                0.0,
                0.6739130434782609,
                0.32608695652173914
            ],
            [
                0.07339449541284404,
                0.908256880733945,
                0.01834862385321101
            ],
            [
                0.0,
                0.9872611464968153,
                0.012738853503184714
            ],
            [
                0.5426829268292683,
                0.3902439024390244,
                0.06707317073170732
            ],
            [
                0.5159574468085106,
                0.44680851063829785,
                0.03723404255319149
            ],
            [
                0.27710843373493976,
                0.6987951807228916,
                0.024096385542168676
            ],
            [
                0.1792452830188679,
                0.8113207547169812,
                0.009433962264150943
            ],
            [
                0.2,
                0.5586206896551724,
                0.2413793103448276
            ],
            [
                0.36554621848739494,
                0.6260504201680672,
                0.008403361344537815
            ],
            [
                0.5329949238578681,
                0.467005076142132,
                0.0
            ],
            [
                0.007462686567164179,
                0.7388059701492538,
                0.2537313432835821
            ],
            [
                0.04678362573099415,
                0.7485380116959064,
                0.2046783625730994
            ],
            [
                0.30303030303030304,
                0.6121212121212121,
                0.08484848484848485
            ],
            [
                0.27076923076923076,
                0.6892307692307692,
                0.04
            ],
            [
                0.3793103448275862,
                0.5804597701149425,
                0.040229885057471264
            ],
            [
                0.3795620437956204,
                0.6131386861313869,
                0.0072992700729927005
            ],
            [
                0.012345679012345678,
                0.8888888888888888,
                0.09876543209876543
            ],
            [
                0.14054054054054055,
                0.7405405405405405,
                0.11891891891891893
            ],
            [
                0.31333333333333335,
                0.6866666666666666,
                0.0
            ],
            [
                0.6143958868894601,
                0.37017994858611825,
                0.015424164524421594
            ],
            [
                0.19444444444444445,
                0.7962962962962963,
                0.009259259259259259
            ],
            [
                0.136986301369863,
                0.6917808219178082,
                0.17123287671232876
            ],
            [
                0.0,
                0.9295774647887324,
                0.07042253521126761
            ],
            [
                0.44052863436123346,
                0.5198237885462555,
                0.039647577092511016
            ],
            [
                0.2868217054263566,
                0.7131782945736435,
                0.0
            ],
            [
                0.6216216216216216,
                0.3783783783783784,
                0.0
            ],
            [
                0.505,
                0.47,
                0.025
            ],
            [
                0.05521472392638037,
                0.7852760736196319,
                0.15950920245398773
            ],
            [
                0.3972602739726027,
                0.589041095890411,
                0.0136986301369863
            ],
            [
                0.48412698412698413,
                0.49206349206349204,
                0.023809523809523808
            ],
            [
                0.4727272727272727,
                0.48484848484848486,
                0.04242424242424243
            ],
            [
                0.3035019455252918,
                0.6536964980544747,
                0.042801556420233464
            ],
            [
                0.3198757763975155,
                0.5527950310559007,
                0.12732919254658384
            ],
            [
                0.0,
                0.9,
                0.1
            ],
            [
                0.15555555555555556,
                0.55,
                0.29444444444444445
            ],
            [
                0.06910569105691057,
                0.9186991869918699,
                0.012195121951219513
            ],
            [
                0.04155844155844156,
                0.8493506493506493,
                0.10909090909090909
            ],
            [
                0.42452830188679247,
                0.49528301886792453,
                0.08018867924528301
            ],
            [
                0.2984126984126984,
                0.49206349206349204,
                0.20952380952380953
            ],
            [
                0.04477611940298507,
                0.9502487562189055,
                0.004975124378109453
            ],
            [
                0.39375,
                0.5625,
                0.04375
            ],
            [
                0.0091324200913242,
                0.8493150684931506,
                0.1415525114155251
            ],
            [
                0.4714285714285714,
                0.5142857142857142,
                0.014285714285714285
            ],
            [
                0.0,
                0.0,
                1.0
            ],
            [
                0.8345864661654135,
                0.12030075187969924,
                0.045112781954887216
            ],
            [
                0.330188679245283,
                0.2578616352201258,
                0.4119496855345912
            ],
            [
                0.410958904109589,
                0.24383561643835616,
                0.3452054794520548
            ],
            [
                0.2551928783382789,
                0.17804154302670624,
                0.5667655786350149
            ],
            [
                0.0,
                0.0,
                1.0
            ],
            [
                0.0,
                0.05747126436781609,
                0.9425287356321839
            ],
            [
                0.23417721518987342,
                0.22151898734177214,
                0.5443037974683544
            ],
            [
                0.05555555555555555,
                0.14285714285714285,
                0.8015873015873016
            ],
            [
                0.29473684210526313,
                0.23421052631578948,
                0.4710526315789474
            ],
            [
                0.4342379958246347,
                0.2630480167014614,
                0.302713987473904
            ],
            [
                0.2507163323782235,
                0.1991404011461318,
                0.5501432664756447
            ],
            [
                0.009478672985781991,
                0.13270142180094788,
                0.8578199052132701
            ],
            [
                0.006160164271047228,
                0.028747433264887063,
                0.9650924024640657
            ],
            [
                0.25609756097560976,
                0.22764227642276422,
                0.516260162601626
            ],
            [
                0.3256637168141593,
                0.15752212389380532,
                0.5168141592920354
            ],
            [
                0.029661016949152543,
                0.10805084745762712,
                0.8622881355932204
            ],
            [
                0.505175983436853,
                0.2505175983436853,
                0.2443064182194617
            ],
            [
                0.007121057985757884,
                0.014242115971515769,
                0.9786368260427264
            ],
            [
                0.012254901960784314,
                0.014705882352941176,
                0.9730392156862745
            ],
            [
                0.08566978193146417,
                0.056074766355140186,
                0.8582554517133957
            ],
            [
                0.18763326226012794,
                0.04477611940298507,
                0.767590618336887
            ],
            [
                0.1543942992874109,
                0.15914489311163896,
                0.6864608076009501
            ],
            [
                0.09872029250457039,
                0.08409506398537477,
                0.8171846435100548
            ],
            [
                0.11886304909560723,
                0.07493540051679587,
                0.8062015503875969
            ]
        ],
        "test_balanced_acc": 0.6857031857031858,
        "train_balanced_acc": 0.8630026894478723,
        "y_test_histogram": [
            0,
            0,
            2,
            2,
            0,
            2,
