{
    "0": {
        "X_test_histogram": [
            [
                0.06829268292682927,
                0.33658536585365856,
                0.5951219512195122
            ],
            [
                0.21708185053380782,
                0.498220640569395,
                0.2846975088967972
            ],
            [
                0.09090909090909091,
                0.30808080808080807,
                0.601010101010101
            ],
            [
                0.975,
                0.025,
                0.0
            ],
            [
                1.0,
                0.0,
                0.0
            ],
            [
                0.054441260744985676,
                0.39255014326647564,
                0.5530085959885387
            ],
            [
                0.6875,
                0.0,
                0.3125
            ],
            [
                0.7894736842105263,
                0.15789473684210525,
                0.05263157894736842
            ],
            [
                0.9772727272727273,
                0.022727272727272728,
                0.0
            ],
            [
                0.4224137931034483,
                0.25862068965517243,
                0.31896551724137934
            ],
            [
                0.9150943396226415,
                0.07547169811320754,
                0.009433962264150943
            ],
            [
                0.5697674418604651,
                0.4011627906976744,
                0.029069767441860465
            ],
            [
                0.47058823529411764,
                0.4117647058823529,
                0.11764705882352941
            ],
            [
                0.5072463768115942,
                0.42028985507246375,
                0.07246376811594203
            ],
            [
                0.10256410256410256,
                0.5256410256410257,
                0.3717948717948718
            ],
            [
                0.24615384615384617,
                0.4,
                0.35384615384615387
            ],
            [
                0.5648148148148148,
                0.35185185185185186,
                0.08333333333333333
            ],
            [
                0.4580152671755725,
                0.48854961832061067,
                0.05343511450381679
            ],
            [
                0.21782178217821782,
                0.6138613861386139,
                0.16831683168316833
            ],
            [
                0.16216216216216217,
                0.1554054054054054,
                0.6824324324324325
            ],
            [
                0.5,
                0.2391304347826087,
                0.2608695652173913
            ],
            [
                0.1623931623931624,
                0.24786324786324787,
                0.5897435897435898
            ],
            [
                0.6940298507462687,
                0.26865671641791045,
                0.03731343283582089
            ],
            [
                0.5294117647058824,
                0.45588235294117646,
                0.014705882352941176
            ],
            [
                0.5971223021582733,
                0.381294964028777,
                0.02158273381294964
            ],
            [
                0.512396694214876,
                0.10743801652892562,
                0.38016528925619836
            ],
            [
                0.5157894736842106,
                0.39473684210526316,
                0.08947368421052632
            ],
            [
                0.12244897959183673,
                0.27040816326530615,
                0.6071428571428571
            ],
            [
                0.030042918454935622,
                0.2017167381974249,
                0.7682403433476395
            ]
        ],
        "X_train_histogram": [
            [
                0.9666666666666667,
                0.03333333333333333,
                0.0
            ],
            [
                1.0,
                0.0,
                0.0
            ],
            [
                1.0,
                0.0,
                0.0
            ],
            [
                1.0,
                0.0,
                0.0
            ],
            [
                1.0,
                0.0,
                0.0
            ],
            [
                1.0,
                0.0,
                0.0
            ],
            [
                0.8,
                0.0,
                0.2
            ],
            [
                1.0,
                0.0,
                0.0
            ],
            [
                0.8076923076923077,
                0.07692307692307693,
                0.11538461538461539
            ],
            [
                1.0,
                0.0,
                0.0
            ],
            [
                0.9333333333333333,
                0.06666666666666667,
                0.0
            ],
            [
                1.0,
                0.0,
                0.0
            ],
            [
                1.0,
                0.0,
                0.0
            ],
            [
                1.0,
                0.0,
                0.0
            ],
            [
                0.7333333333333333,
                0.26666666666666666,
                0.0
            ],
            [
                1.0,
                0.0,
                0.0
            ],
            [
                1.0,
                0.0,
                0.0
            ],
            [
                0.8333333333333334,
                0.16666666666666666,
                0.0
            ],
            [
                0.9130434782608695,
                0.0,
                0.08695652173913043
            ],
            [
                0.9473684210526315,
                0.05263157894736842,
                0.0
            ],
            [
                1.0,
                0.0,
                0.0
            ],
            [
                0.96875,
                0.0,
                0.03125
            ],
            [
                0.7777777777777778,
                0.0,
                0.2222222222222222
            ],
            [
                0.9230769230769231,
                0.07692307692307693,
                0.0
            ],
            [
                1.0,
                0.0,
                0.0
            ],
            [
                0.8148148148148148,
                0.18518518518518517,
                0.0
            ],
            [
                0.9180327868852459,
                0.04918032786885246,
                0.03278688524590164
            ],
            [
                0.7333333333333333,
                0.21666666666666667,
                0.05
            ],
            [
                0.9,
                0.08333333333333333,
                0.016666666666666666
            ],
            [
                0.96,
                0.04,
                0.0
            ],
            [
                0.8088235294117647,
                0.17647058823529413,
                0.014705882352941176
            ],
            [
                1.0,
                0.0,
                0.0
            ],
            [
                0.9387755102040817,
                0.061224489795918366,
                0.0
            ],
            [
                0.984375,
                0.0,
                0.015625
            ],
            [
                0.543859649122807,
                0.45614035087719296,
                0.0
            ],
            [
                1.0,
                0.0,
                0.0
            ],
            [
                1.0,
                0.0,
                0.0
            ],
            [
                0.688,
                0.224,
                0.088
            ],
            [
                0.7272727272727273,
                0.2727272727272727,
                0.0
            ],
            [
                0.9629629629629629,
                0.037037037037037035,
                0.0
            ],
            [
                0.3333333333333333,
                0.0,
                0.6666666666666666
            ],
            [
                0.8984375,
                0.0546875,
                0.046875
            ],
            [
                1.0,
                0.0,
                0.0
            ],
            [
                0.9391891891891891,
                0.02702702702702703,
                0.033783783783783786
            ],
            [
                0.8153846153846154,
                0.1076923076923077,
                0.07692307692307693
            ],
            [
                0.7818181818181819,
                0.14545454545454545,
                0.07272727272727272
            ],
            [
                1.0,
                0.0,
                0.0
            ],
            [
                0.9204545454545454,
                0.07954545454545454,
                0.0
            ],
            [
                0.9456521739130435,
                0.05434782608695652,
                0.0
            ],
            [
                0.0,
                0.7586206896551724,
                0.2413793103448276
            ],
            [
                0.0,
                1.0,
                0.0
            ],
            [
                0.44047619047619047,
                0.4880952380952381,
                0.07142857142857142
            ],
            [
                0.0,
                0.96,
                0.04
            ],
            [
                0.4666666666666667,
                0.5333333333333333,
                0.0
            ],
            [
                0.0,
                0.9895833333333334,
                0.010416666666666666
            ],
            [
                0.29523809523809524,
                0.5238095238095238,
                0.18095238095238095
            ],
            [
                0.6017699115044248,
                0.34513274336283184,
                0.05309734513274336
            ],
            [
                0.5471698113207547,
                0.3584905660377358,
                0.09433962264150944
            ],
            [
                0.1368421052631579,
                0.6210526315789474,
                0.24210526315789474
            ],
            [
                0.5174418604651163,
                0.47093023255813954,
                0.011627906976744186
            ],
            [
                0.42857142857142855,
                0.5285714285714286,
                0.04285714285714286
            ],
            [
                0.5258620689655172,
                0.45689655172413796,
                0.017241379310344827
            ],
            [
                0.09090909090909091,
                0.5454545454545454,
                0.36363636363636365
            ],
            [
                0.0,
                0.9696969696969697,
                0.030303030303030304
            ],
            [
                0.14068441064638784,
                0.7756653992395437,
                0.08365019011406843
            ],
            [
                0.1875,
                0.625,
                0.1875
            ],
            [
                0.32,
                0.65,
                0.03
            ],
            [
                0.5388349514563107,
                0.46116504854368934,
                0.0
            ],
            [
                0.25,
                0.6458333333333334,
                0.10416666666666667
            ],
            [
                0.25773195876288657,
                0.36082474226804123,
                0.38144329896907214
            ],
            [
                0.03333333333333333,
                0.38333333333333336,
                0.5833333333333334
            ],
            [
                0.3984375,
                0.5546875,
                0.046875
            ],
            [
                0.335,
                0.655,
                0.01
            ],
            [
                0.3898305084745763,
                0.6101694915254238,
                0.0
            ],
            [
                0.5769230769230769,
                0.41346153846153844,
                0.009615384615384616
            ],
            [
                0.2127659574468085,
                0.5425531914893617,
                0.24468085106382978
            ],
            [
                0.08653846153846154,
                0.25,
                0.6634615384615384
            ],
            [
                0.41414141414141414,
                0.48484848484848486,
                0.10101010101010101
            ],
            [
                0.40458015267175573,
                0.40458015267175573,
                0.19083969465648856
            ],
            [
                0.0,
                0.37037037037037035,
                0.6296296296296297
            ],
            [
                0.390625,
                0.5859375,
                0.0234375
            ],
            [
                0.08064516129032258,
                0.6881720430107527,
                0.23118279569892472
            ],
            [
                0.09947643979057591,
                0.8743455497382199,
                0.02617801047120419
            ],
            [
                0.07801418439716312,
                0.2978723404255319,
                0.624113475177305
            ],
            [
                0.06532663316582915,
                0.8241206030150754,
                0.11055276381909548
            ],
            [
                0.09032258064516129,
                0.7741935483870968,
                0.13548387096774195
            ],
            [
                0.14838709677419354,
                0.6451612903225806,
                0.2064516129032258
            ],
            [
                0.07653061224489796,
                0.5306122448979592,
                0.39285714285714285
            ],
            [
                0.2864583333333333,
                0.5833333333333334,
                0.13020833333333334
            ],
            [
                0.22641509433962265,
                0.6226415094339622,
                0.1509433962264151
            ],
            [
                0.0,
                0.8040540540540541,
                0.19594594594594594
            ],
            [
                0.25301204819277107,
                0.7289156626506024,
                0.018072289156626505
            ],
            [
                0.0,
                0.0,
                1.0
            ],
            [
                0.6907894736842105,
                0.19736842105263158,
                0.1118421052631579
            ],
            [
                0.0,
                0.07339449541284404,
                0.926605504587156
            ],
            [
                0.17180616740088106,
                0.08370044052863436,
                0.7444933920704846
            ],
            [
                0.0,
                0.0,
                1.0
            ],
            [
                0.005813953488372093,
                0.22674418604651161,
                0.7674418604651163
            ],
            [
                0.0,
                0.08125,
                0.91875
            ],
            [
                0.18253968253968253,
                0.49206349206349204,
                0.3253968253968254
            ],
            [
                0.0,
                0.014814814814814815,
                0.9851851851851852
            ],
            [
                0.0,
                0.06164383561643835,
                0.9383561643835616
            ],
            [
                0.35555555555555557,
                0.26296296296296295,
                0.3814814814814815
            ],
            [
                0.1062215477996965,
                0.09863429438543247,
                0.795144157814871
            ],
            [
                0.024875621890547265,
                0.03482587064676617,
                0.9402985074626866
            ],
            [
                0.30103806228373703,
                0.25259515570934254,
                0.4463667820069204
            ],
            [
                0.434010152284264,
                0.1751269035532995,
                0.39086294416243655
            ],
            [
                0.017948717948717947,
                0.32051282051282054,
                0.6615384615384615
            ],
            [
                0.07560137457044673,
                0.12371134020618557,
                0.8006872852233677
            ],
            [
                0.3584905660377358,
                0.42138364779874216,
                0.22012578616352202
            ],
            [
                0.011627906976744186,
                0.05167958656330749,
                0.9366925064599483
            ],
            [
                0.02247191011235955,
                0.07865168539325842,
                0.898876404494382
            ],
            [
                0.017278617710583154,
                0.038876889848812095,
                0.9438444924406048
            ],
            [
                0.13367609254498714,
                0.10539845758354756,
                0.7609254498714653
            ],
            [
                0.04304635761589404,
                0.07947019867549669,
                0.8774834437086093
            ],
            [
                0.020356234096692113,
                0.2035623409669211,
                0.7760814249363868
            ],
            [
                0.12693498452012383,
                0.0804953560371517,
                0.7925696594427245
            ]
        ],
        "test_balanced_acc": 0.49747474747474746,
        "train_balanced_acc": 0.8649011232399936,
        "y_test_histogram": [
            2,
            2,
            2,
            0,
            0,
            2,
            0,
            0,
            0,
            0,
            0,
            0,
            0,
            0,
            0,
            0,
            1,
            1,
            1,
            1,
            1,
            1,
            1,
            1,
            1,
            1,
            1,
            2,
            2
        ],
        "y_train_histogram": [
            0,
            0,
            0,
            0,
            0,
            0,
            0,
            0,
            0,
            0,
            0,
            0,
            0,
            0,
            0,
            0,
            0,
            0,
            0,
            0,
            0,
            0,
            0,
            0,
            0,
            0,
            0,
            0,
            0,
            0,
            0,
            0,
            0,
            0,
            0,
            0,
            0,
            0,
            0,
            0,
            0,
            0,
            0,
            0,
            0,
            0,
            0,
            0,
            0,
            1,
            1,
            1,
            1,
            1,
            1,
            1,
            1,
            1,
            1,
            1,
            1,
            1,
            1,
            1,
            1,
            1,
            1,
            1,
            1,
            1,
            1,
            1,
            1,
            1,
            1,
            1,
            1,
            1,
            1,
            1,
            1,
            1,
            1,
            1,
            1,
            1,
            1,
            1,
            1,
            1,
            1,
            1,
            2,
            2,
            2,
            2,
            2,
            2,
            2,
            2,
            2,
            2,
            2,
            2,
            2,
            2,
            2,
            2,
            2,
            2,
            2,
            2,
            2,
            2,
            2,
            2,
            2
        ]
    },
    "1": {
        "X_test_histogram": [
            [
                0.8,
                0.2,
                0.0
            ],
            [
                0.05813953488372093,
                0.16279069767441862,
                0.7790697674418605
            ],
            [
                0.007407407407407408,
                0.16296296296296298,
                0.8296296296296296
            ],
            [
                0.125,
                0.875,
                0.0
            ],
            [
                0.00684931506849315,
                0.2876712328767123,
                0.7054794520547946
            ],
            [
                0.7307692307692307,
                0.15384615384615385,
                0.11538461538461539
            ],
            [
                0.7857142857142857,
                0.21428571428571427,
                0.0
            ],
            [
                0.046153846153846156,
                0.358974358974359,
                0.5948717948717949
            ],
            [
                0.8333333333333334,
                0.16666666666666666,
                0.0
            ],
            [
                0.4,
                0.6,
                0.0
            ],
            [
                0.5,
                0.5,
                0.0
            ],
            [
                0.46153846153846156,
                0.5384615384615384,
                0.0
            ],
            [
                0.7368421052631579,
                0.2631578947368421,
                0.0
            ],
            [
                0.9736842105263158,
                0.0,
                0.02631578947368421
            ],
            [
                0.08513931888544891,
                0.14241486068111456,
                0.7724458204334366
            ],
            [
                0.8227848101265823,
                0.17721518987341772,
                0.0
            ],
            [
                0.7222222222222222,
                0.2777777777777778,
                0.0
            ],
            [
                0.0,
                0.65,
                0.35
            ],
            [
                0.04,
                0.44,
                0.52
            ],
            [
                0.5166666666666667,
                0.4166666666666667,
                0.06666666666666667
            ],
            [
                0.5,
                0.38571428571428573,
                0.11428571428571428
            ],
            [
                0.13513513513513514,
                0.25,
                0.6148648648648649
            ],
            [
                0.68,
                0.3,
                0.02
            ],
            [
                0.2765957446808511,
                0.5106382978723404,
                0.2127659574468085
            ],
            [
                0.3235294117647059,
                0.6617647058823529,
                0.014705882352941176
            ],
            [
                0.0,
                0.05555555555555555,
                0.9444444444444444
            ],
            [
                0.4297520661157025,
                0.19008264462809918,
                0.38016528925619836
            ],
            [
                0.3385416666666667,
                0.546875,
                0.11458333333333333
            ],
            [
                0.0,
                0.30275229357798167,
                0.6972477064220184
            ]
        ],
        "X_train_histogram": [
            [
                1.0,
                0.0,
                0.0
            ],
            [
                1.0,
                0.0,
                0.0
            ],
            [
                0.9722222222222222,
                0.027777777777777776,
                0.0
            ],
            [
                1.0,
                0.0,
                0.0
            ],
            [
                1.0,
                0.0,
                0.0
            ],
            [
                1.0,
                0.0,
                0.0
            ],
            [
                1.0,
                0.0,
                0.0
            ],
            [
                0.975,
                0.025,
                0.0
            ],
            [
                0.9333333333333333,
                0.06666666666666667,
                0.0
            ],
            [
                1.0,
                0.0,
                0.0
            ],
            [
                1.0,
                0.0,
                0.0
            ],
            [
                0.8333333333333334,
                0.16666666666666666,
                0.0
            ],
            [
                0.9130434782608695,
                0.08695652173913043,
                0.0
            ],
            [
                1.0,
                0.0,
                0.0
            ],
            [
                0.8518518518518519,
                0.0,
                0.14814814814814814
            ],
            [
                1.0,
                0.0,
                0.0
            ],
            [
                1.0,
                0.0,
                0.0
            ],
            [
                0.9473684210526315,
                0.05263157894736842,
                0.0
            ],
            [
                1.0,
                0.0,
                0.0
            ],
            [
                1.0,
                0.0,
                0.0
            ],
            [
                1.0,
                0.0,
                0.0
            ],
            [
                0.9672131147540983,
                0.03278688524590164,
                0.0
            ],
            [
                0.8833333333333333,
                0.1,
                0.016666666666666666
            ],
            [
                0.9333333333333333,
                0.016666666666666666,
                0.05
            ],
            [
                1.0,
                0.0,
                0.0
            ],
            [
                0.9411764705882353,
                0.04411764705882353,
                0.014705882352941176
            ],
            [
                1.0,
                0.0,
                0.0
            ],
            [
                0.9591836734693877,
                0.04081632653061224,
                0.0
            ],
            [
                1.0,
                0.0,
                0.0
            ],
            [
                0.9298245614035088,
                0.07017543859649122,
                0.0
            ],
            [
                1.0,
                0.0,
                0.0
            ],
            [
                1.0,
                0.0,
                0.0
            ],
            [
                1.0,
                0.0,
                0.0
            ],
            [
                0.848,
                0.128,
                0.024
            ],
            [
                0.8484848484848485,
                0.15151515151515152,
                0.0
            ],
            [
                0.9302325581395349,
                0.023255813953488372,
                0.046511627906976744
            ],
            [
                0.3333333333333333,
                0.0,
                0.6666666666666666
            ],
            [
                0.953125,
                0.0234375,
                0.0234375
            ],
            [
                0.9705882352941176,
                0.0,
                0.029411764705882353
            ],
            [
                1.0,
                0.0,
                0.0
            ],
            [
                0.9864864864864865,
                0.006756756756756757,
                0.006756756756756757
            ],
            [
                0.927536231884058,
                0.07246376811594203,
                0.0
            ],
            [
                0.8769230769230769,
                0.046153846153846156,
                0.07692307692307693
            ],
            [
                1.0,
                0.0,
                0.0
            ],
            [
                0.9272727272727272,
                0.03636363636363636,
                0.03636363636363636
            ],
            [
                1.0,
                0.0,
                0.0
            ],
            [
                0.9545454545454546,
                0.045454545454545456,
                0.0
            ],
            [
                0.9384615384615385,
                0.06153846153846154,
                0.0
            ],
            [
                0.9891304347826086,
                0.010869565217391304,
                0.0
            ],
            [
                0.0,
                0.9655172413793104,
                0.034482758620689655
            ],
            [
                0.10714285714285714,
                0.8452380952380952,
                0.047619047619047616
            ],
            [
                0.0,
                1.0,
                0.0
            ],
            [
                0.1619047619047619,
                0.780952380952381,
                0.05714285714285714
            ],
            [
                0.4247787610619469,
                0.5752212389380531,
                0.0
            ],
            [
                0.41509433962264153,
                0.5849056603773585,
                0.0
            ],
            [
                0.1388888888888889,
                0.8518518518518519,
                0.009259259259259259
            ],
            [
                0.07368421052631578,
                0.7684210526315789,
                0.15789473684210525
            ],
            [
                0.37209302325581395,
                0.6162790697674418,
                0.011627906976744186
            ],
            [
                0.3706896551724138,
                0.6120689655172413,
                0.017241379310344827
            ],
            [
                0.012987012987012988,
                0.935064935064935,
                0.05194805194805195
            ],
            [
                0.0,
                1.0,
                0.0
            ],
            [
                0.366412213740458,
                0.6183206106870229,
                0.015267175572519083
            ],
            [
                0.11026615969581749,
                0.870722433460076,
                0.019011406844106463
            ],
            [
                0.0594059405940594,
                0.9108910891089109,
                0.0297029702970297
            ],
            [
                0.42391304347826086,
                0.3695652173913043,
                0.20652173913043478
            ],
            [
                0.125,
                0.875,
                0.0
            ],
            [
                0.05128205128205128,
                0.7094017094017094,
                0.23931623931623933
            ],
            [
                0.15,
                0.85,
                0.0
            ],
            [
                0.28640776699029125,
                0.7135922330097088,
                0.0
            ],
            [
                0.020833333333333332,
                0.9791666666666666,
                0.0
            ],
            [
                0.17525773195876287,
                0.6494845360824743,
                0.17525773195876287
            ],
            [
                0.0,
                0.7666666666666667,
                0.23333333333333334
            ],
            [
                0.125,
                0.8515625,
                0.0234375
            ],
            [
                0.03389830508474576,
                0.9661016949152542,
                0.0
            ],
            [
                0.5288461538461539,
                0.46153846153846156,
                0.009615384615384616
            ],
            [
                0.5149253731343284,
                0.4552238805970149,
                0.029850746268656716
            ],
            [
                0.07692307692307693,
                0.4807692307692308,
                0.4423076923076923
            ],
            [
                0.3333333333333333,
                0.6313131313131313,
                0.03535353535353535
            ],
            [
                0.2158273381294964,
                0.7841726618705036,
                0.0
            ],
            [
                0.3282442748091603,
                0.5419847328244275,
                0.1297709923664122
            ],
            [
                0.078125,
                0.921875,
                0.0
            ],
            [
                0.010752688172043012,
                0.9032258064516129,
                0.08602150537634409
            ],
            [
                0.015706806282722512,
                0.9790575916230366,
                0.005235602094240838
            ],
            [
                0.12056737588652482,
                0.2765957446808511,
                0.6028368794326241
            ],
            [
                0.010050251256281407,
                0.9246231155778895,
                0.06532663316582915
            ],
            [
                0.0967741935483871,
                0.8193548387096774,
                0.08387096774193549
            ],
            [
                0.07096774193548387,
                0.8387096774193549,
                0.09032258064516129
            ],
            [
                0.03571428571428571,
                0.7244897959183674,
                0.23979591836734693
            ],
            [
                0.2736842105263158,
                0.6842105263157895,
                0.042105263157894736
            ],
            [
                0.16981132075471697,
                0.7830188679245284,
                0.04716981132075472
            ],
            [
                0.0,
                0.8783783783783784,
                0.12162162162162163
            ],
            [
                0.1144578313253012,
                0.8855421686746988,
                0.0
            ],
            [
                0.0,
                0.0,
                1.0
            ],
            [
                0.625,
                0.24342105263157895,
                0.13157894736842105
            ],
            [
                0.08673469387755102,
                0.2193877551020408,
                0.6938775510204082
            ],
            [
                0.02145922746781116,
                0.09871244635193133,
                0.8798283261802575
            ],
            [
                0.1145374449339207,
                0.14977973568281938,
                0.73568281938326
            ],
            [
                0.0,
                0.0,
                1.0
            ],
            [
                0.0,
                0.0,
                1.0
            ],
            [
                0.1349206349206349,
                0.21428571428571427,
                0.6507936507936508
            ],
            [
                0.06829268292682927,
                0.12195121951219512,
                0.8097560975609757
            ],
            [
                0.2277580071174377,
                0.24199288256227758,
                0.5302491103202847
            ],
            [
                0.3296296296296296,
                0.22592592592592592,
                0.4444444444444444
            ],
            [
                0.11836115326251896,
                0.03793626707132018,
                0.8437025796661608
            ],
            [
                0.08585858585858586,
                0.16666666666666666,
                0.7474747474747475
            ],
            [
                0.029850746268656716,
                0.0024875621890547263,
                0.9676616915422885
            ],
            [
                0.20069204152249134,
                0.13494809688581316,
                0.6643598615916955
            ],
            [
                0.4213197969543147,
                0.13451776649746192,
                0.44416243654822335
            ],
            [
                0.0859106529209622,
                0.06872852233676977,
                0.845360824742268
            ],
            [
                0.31761006289308175,
                0.4371069182389937,
                0.24528301886792453
            ],
            [
                0.011627906976744186,
                0.00516795865633075,
                0.9832041343669251
            ],
            [
                0.00749063670411985,
                0.011235955056179775,
                0.9812734082397003
            ],
            [
                0.008639308855291577,
                0.028077753779697623,
                0.9632829373650108
            ],
            [
                0.12082262210796915,
                0.08997429305912596,
                0.7892030848329049
            ],
            [
                0.023178807947019868,
                0.039735099337748346,
                0.9370860927152318
            ],
            [
                0.015267175572519083,
                0.07633587786259542,
                0.9083969465648855
            ],
            [
                0.02005730659025788,
                0.10315186246418338,
                0.8767908309455588
            ]
        ],
        "test_balanced_acc": 0.73989898989899,
        "train_balanced_acc": 0.924360069609239,
        "y_test_histogram": [
            0,
            2,
            2,
            0,
            2,
            0,
            0,
            2,
            0,
            0,
            0,
            0,
            0,
            0,
            2,
            0,
            0,
            1,
            1,
            1,
            1,
            1,
            1,
            1,
            1,
            1,
            1,
            1,
            2
        ],
        "y_train_histogram": [
            0,
            0,
            0,
            0,
            0,
            0,
            0,
            0,
            0,
            0,
            0,
            0,
            0,
            0,
            0,
            0,
            0,
            0,
            0,
            0,
            0,
            0,
            0,
            0,
            0,
            0,
            0,
            0,
            0,
            0,
            0,
            0,
            0,
            0,
            0,
            0,
            0,
            0,
            0,
            0,
            0,
            0,
            0,
            0,
            0,
            0,
            0,
            0,
            0,
            1,
            1,
            1,
            1,
            1,
            1,
            1,
            1,
            1,
            1,
            1,
            1,
            1,
            1,
            1,
            1,
            1,
            1,
            1,
            1,
            1,
            1,
            1,
            1,
            1,
            1,
            1,
            1,
            1,
            1,
            1,
            1,
            1,
            1,
            1,
            1,
            1,
            1,
