{
    "0": {
        "X_test_histogram": [
            [
                0.07317073170731707,
                0.4146341463414634,
                0.5121951219512195
            ],
            [
                0.13523131672597866,
                0.3274021352313167,
                0.5373665480427047
            ],
            [
                0.3333333333333333,
                0.32323232323232326,
                0.3434343434343434
            ],
            [
                1.0,
                0.0,
                0.0
            ],
            [
                0.25,
                0.75,
                0.0
            ],
            [
                0.15472779369627507,
                0.6045845272206304,
                0.24068767908309455
            ],
            [
                0.5,
                0.5,
                0.0
            ],
            [
                0.47368421052631576,
                0.5263157894736842,
                0.0
            ],
            [
                0.6136363636363636,
                0.38636363636363635,
                0.0
            ],
            [
                0.46551724137931033,
                0.5344827586206896,
                0.0
            ],
            [
                0.22641509433962265,
                0.7735849056603774,
                0.0
            ],
            [
                0.0,
                0.0,
                1.0
            ],
            [
                0.0,
                0.4411764705882353,
                0.5588235294117647
            ],
            [
                0.08695652173913043,
                0.5942028985507246,
                0.3188405797101449
            ],
            [
                0.5128205128205128,
                0.038461538461538464,
                0.44871794871794873
            ],
            [
                0.38461538461538464,
                0.6153846153846154,
                0.0
            ],
            [
                0.3333333333333333,
                0.09259259259259259,
                0.5740740740740741
            ],
            [
                0.8091603053435115,
                0.16030534351145037,
                0.030534351145038167
            ],
            [
                0.09900990099009901,
                0.900990099009901,
                0.0
            ],
            [
                0.6554054054054054,
                0.27702702702702703,
                0.06756756756756757
            ],
            [
                0.2608695652173913,
                0.5869565217391305,
                0.15217391304347827
            ],
            [
                0.05128205128205128,
                0.21367521367521367,
                0.7350427350427351
            ],
            [
                0.029850746268656716,
                0.5373134328358209,
                0.43283582089552236
            ],
            [
                0.23529411764705882,
                0.4117647058823529,
                0.35294117647058826
            ],
            [
                0.014388489208633094,
                0.7266187050359713,
                0.2589928057553957
            ],
            [
                0.30578512396694213,
                0.2644628099173554,
                0.4297520661157025
            ],
            [
                0.30526315789473685,
                0.3684210526315789,
                0.3263157894736842
            ],
            [
                0.28061224489795916,
                0.0,
                0.7193877551020408
            ],
            [
                0.13733905579399142,
                0.6223175965665236,
                0.24034334763948498
            ]
        ],
        "X_train_histogram": [
            [
                1.0,
                0.0,
                0.0
            ],
            [
                0.2857142857142857,
                0.7142857142857143,
                0.0
            ],
            [
                1.0,
                0.0,
                0.0
            ],
            [
                1.0,
                0.0,
                0.0
            ],
            [
                1.0,
                0.0,
                0.0
            ],
            [
                0.5,
                0.5,
                0.0
            ],
            [
                1.0,
                0.0,
                0.0
            ],
            [
                0.7142857142857143,
                0.2857142857142857,
                0.0
            ],
            [
                0.7307692307692307,
                0.2692307692307692,
                0.0
            ],
            [
                1.0,
                0.0,
                0.0
            ],
            [
                0.9333333333333333,
                0.06666666666666667,
                0.0
            ],
            [
                0.5714285714285714,
                0.42857142857142855,
                0.0
            ],
            [
                1.0,
                0.0,
                0.0
            ],
            [
                0.9666666666666667,
                0.03333333333333333,
                0.0
            ],
            [
                0.9333333333333333,
                0.06666666666666667,
                0.0
            ],
            [
                0.95,
                0.05,
                0.0
            ],
            [
                1.0,
                0.0,
                0.0
            ],
            [
                1.0,
                0.0,
                0.0
            ],
            [
                1.0,
                0.0,
                0.0
            ],
            [
                0.7894736842105263,
                0.21052631578947367,
                0.0
            ],
            [
                0.7894736842105263,
                0.21052631578947367,
                0.0
            ],
            [
                0.890625,
                0.109375,
                0.0
            ],
            [
                0.7037037037037037,
                0.2962962962962963,
                0.0
            ],
            [
                0.8461538461538461,
                0.15384615384615385,
                0.0
            ],
            [
                0.8974358974358975,
                0.10256410256410256,
                0.0
            ],
            [
                0.8888888888888888,
                0.1111111111111111,
                0.0
            ],
            [
                1.0,
                0.0,
                0.0
            ],
            [
                1.0,
                0.0,
                0.0
            ],
            [
                0.5666666666666667,
                0.43333333333333335,
                0.0
            ],
            [
                1.0,
                0.0,
                0.0
            ],
            [
                1.0,
                0.0,
                0.0
            ],
            [
                0.6,
                0.4,
                0.0
            ],
            [
                0.7959183673469388,
                0.12244897959183673,
                0.08163265306122448
            ],
            [
                1.0,
                0.0,
                0.0
            ],
            [
                1.0,
                0.0,
                0.0
            ],
            [
                0.5822784810126582,
                0.0379746835443038,
                0.379746835443038
            ],
            [
                0.813953488372093,
                0.18604651162790697,
                0.0
            ],
            [
                1.0,
                0.0,
                0.0
            ],
            [
                1.0,
                0.0,
                0.0
            ],
            [
                0.8333333333333334,
                0.018518518518518517,
                0.14814814814814814
            ],
            [
                1.0,
                0.0,
                0.0
            ],
            [
                0.953125,
                0.046875,
                0.0
            ],
            [
                0.8823529411764706,
                0.11764705882352941,
                0.0
            ],
            [
                0.7905405405405406,
                0.16216216216216217,
                0.0472972972972973
            ],
            [
                0.8153846153846154,
                0.12307692307692308,
                0.06153846153846154
            ],
            [
                0.990909090909091,
                0.0,
                0.00909090909090909
            ],
            [
                0.7105263157894737,
                0.09649122807017543,
                0.19298245614035087
            ],
            [
                1.0,
                0.0,
                0.0
            ],
            [
                0.8369565217391305,
                0.16304347826086957,
                0.0
            ],
            [
                0.8620689655172413,
                0.13793103448275862,
                0.0
            ],
            [
                0.0,
                1.0,
                0.0
            ],
            [
                0.25,
                0.75,
                0.0
            ],
            [
                0.02,
                0.97,
                0.01
            ],
            [
                0.08333333333333333,
                0.6166666666666667,
                0.3
            ],
            [
                0.041666666666666664,
                0.9583333333333334,
                0.0
            ],
            [
                0.4,
                0.6,
                0.0
            ],
            [
                0.3185840707964602,
                0.6814159292035398,
                0.0
            ],
            [
                0.3584905660377358,
                0.6415094339622641,
                0.0
            ],
            [
                0.6736842105263158,
                0.3263157894736842,
                0.0
            ],
            [
                0.26744186046511625,
                0.622093023255814,
                0.11046511627906977
            ],
            [
                0.1,
                0.45714285714285713,
                0.44285714285714284
            ],
            [
                0.31896551724137934,
                0.4827586206896552,
                0.19827586206896552
            ],
            [
                0.0,
                1.0,
                0.0
            ],
            [
                0.18181818181818182,
                0.8181818181818182,
                0.0
            ],
            [
                0.30798479087452474,
                0.6083650190114068,
                0.08365019011406843
            ],
            [
                0.375,
                0.625,
                0.0
            ],
            [
                0.16,
                0.51,
                0.33
            ],
            [
                0.11650485436893204,
                0.6310679611650486,
                0.2524271844660194
            ],
            [
                0.625,
                0.3541666666666667,
                0.020833333333333332
            ],
            [
                0.13402061855670103,
                0.4020618556701031,
                0.4639175257731959
            ],
            [
                0.35,
                0.5,
                0.15
            ],
            [
                0.5859375,
                0.4140625,
                0.0
            ],
            [
                0.12,
                0.78,
                0.1
            ],
            [
                0.3050847457627119,
                0.3389830508474576,
                0.3559322033898305
            ],
            [
                0.9134615384615384,
                0.08653846153846154,
                0.0
            ],
            [
                0.30851063829787234,
                0.5425531914893617,
                0.14893617021276595
            ],
            [
                0.22115384615384615,
                0.15384615384615385,
                0.625
            ],
            [
                0.13131313131313133,
                0.6767676767676768,
                0.1919191919191919
            ],
            [
                0.6106870229007634,
                0.33587786259541985,
                0.05343511450381679
            ],
            [
                0.037037037037037035,
                0.8703703703703703,
                0.09259259259259259
            ],
            [
                0.015625,
                0.890625,
                0.09375
            ],
            [
                0.25806451612903225,
                0.43548387096774194,
                0.3064516129032258
            ],
            [
                0.06806282722513089,
                0.837696335078534,
                0.09424083769633508
            ],
            [
                0.3617021276595745,
                0.41134751773049644,
                0.22695035460992907
            ],
            [
                0.27638190954773867,
                0.6934673366834171,
                0.03015075376884422
            ],
            [
                0.025806451612903226,
                0.9290322580645162,
                0.04516129032258064
            ],
            [
                0.27741935483870966,
                0.22580645161290322,
                0.4967741935483871
            ],
            [
                0.1326530612244898,
                0.5969387755102041,
                0.27040816326530615
            ],
            [
                0.2760416666666667,
                0.578125,
                0.14583333333333334
            ],
            [
                0.2358490566037736,
                0.25471698113207547,
                0.5094339622641509
            ],
            [
                0.11486486486486487,
                0.8581081081081081,
                0.02702702702702703
            ],
            [
                0.3373493975903614,
                0.4879518072289157,
                0.1746987951807229
            ],
            [
                0.4950980392156863,
                0.20588235294117646,
                0.29901960784313725
            ],
            [
                0.14473684210526316,
                0.3618421052631579,
                0.4934210526315789
            ],
            [
                0.1651376146788991,
                0.5596330275229358,
                0.27522935779816515
            ],
            [
                0.1013215859030837,
                0.15859030837004406,
                0.7400881057268722
            ],
            [
                0.29064039408866993,
                0.6403940886699507,
                0.06896551724137931
            ],
            [
                0.22674418604651161,
                0.20930232558139536,
                0.563953488372093
            ],
            [
                0.0,
                0.08125,
                0.91875
            ],
            [
                0.09523809523809523,
                0.35714285714285715,
                0.5476190476190477
            ],
            [
                0.0,
                0.11851851851851852,
                0.8814814814814815
            ],
            [
                0.00684931506849315,
                0.1780821917808219,
                0.815068493150685
            ],
            [
                0.2,
                0.05925925925925926,
                0.7407407407407407
            ],
            [
                0.8133535660091047,
                0.03186646433990895,
                0.15477996965098634
            ],
            [
                0.12871287128712872,
                0.09158415841584158,
                0.7797029702970297
            ],
            [
                0.11418685121107267,
                0.24567474048442905,
                0.6401384083044983
            ],
            [
                0.10913705583756345,
                0.11928934010152284,
                0.7715736040609137
            ],
            [
                0.32051282051282054,
                0.11538461538461539,
                0.5641025641025641
            ],
            [
                0.058419243986254296,
                0.08247422680412371,
                0.8591065292096219
            ],
            [
                0.13836477987421383,
                0.08490566037735849,
                0.7767295597484277
            ],
            [
                0.08139534883720931,
                0.12403100775193798,
                0.7945736434108527
            ],
            [
                0.299625468164794,
                0.1647940074906367,
                0.5355805243445693
            ],
            [
                0.29094827586206895,
                0.10775862068965517,
                0.6012931034482759
            ],
            [
                0.2776349614395887,
                0.1928020565552699,
                0.5295629820051414
            ],
            [
                0.3509933774834437,
                0.3509933774834437,
                0.2980132450331126
            ],
            [
                0.16539440203562342,
                0.22391857506361323,
                0.6106870229007634
            ],
            [
                0.23839009287925697,
                0.24303405572755418,
                0.5185758513931888
            ]
        ],
        "test_balanced_acc": 0.457070707070707,
        "train_balanced_acc": 0.826704635342509,
        "y_test_histogram": [
            2,
            2,
            2,
            0,
            0,
            2,
            0,
            0,
            0,
            0,
            0,
            0,
            0,
            0,
            0,
            0,
            1,
            1,
            1,
            1,
            1,
            1,
            1,
            1,
            1,
            1,
            1,
            2,
            2
        ],
        "y_train_histogram": [
            0,
            0,
            0,
            0,
            0,
            0,
            0,
            0,
            0,
            0,
            0,
            0,
            0,
            0,
            0,
            0,
            0,
            0,
            0,
            0,
            0,
            0,
            0,
            0,
            0,
            0,
            0,
            0,
            0,
            0,
            0,
            0,
            0,
            0,
            0,
            0,
            0,
            0,
            0,
            0,
            0,
            0,
            0,
            0,
            0,
            0,
            0,
            0,
            0,
            1,
            1,
            1,
            1,
            1,
            1,
            1,
            1,
            1,
            1,
            1,
            1,
            1,
            1,
            1,
            1,
            1,
            1,
            1,
            1,
            1,
            1,
            1,
            1,
            1,
            1,
            1,
            1,
            1,
            1,
            1,
            1,
            1,
            1,
            1,
            1,
            1,
            1,
            1,
            1,
            1,
            1,
            1,
            2,
            2,
            2,
            2,
            2,
            2,
            2,
            2,
            2,
            2,
            2,
            2,
            2,
            2,
            2,
            2,
            2,
            2,
            2,
            2,
            2,
            2,
            2,
            2,
            2
        ]
    },
    "1": {
        "X_test_histogram": [
            [
                0.3,
                0.7,
                0.0
            ],
            [
                0.12209302325581395,
                0.313953488372093,
                0.563953488372093
            ],
            [
                0.0,
                0.1037037037037037,
                0.8962962962962963
            ],
            [
                1.0,
                0.0,
                0.0
            ],
            [
                0.0,
                0.2054794520547945,
                0.7945205479452054
            ],
            [
                1.0,
                0.0,
                0.0
            ],
            [
                0.9285714285714286,
                0.07142857142857142,
                0.0
            ],
            [
                0.14102564102564102,
                0.3974358974358974,
                0.46153846153846156
            ],
            [
                1.0,
                0.0,
                0.0
            ],
            [
                0.9333333333333333,
                0.0,
                0.06666666666666667
            ],
            [
                1.0,
                0.0,
                0.0
            ],
            [
                1.0,
                0.0,
                0.0
            ],
            [
                1.0,
                0.0,
                0.0
            ],
            [
                0.42105263157894735,
                0.21052631578947367,
                0.3684210526315789
            ],
            [
                0.15789473684210525,
                0.35758513931888547,
                0.4845201238390093
            ],
            [
                0.02531645569620253,
                0.4430379746835443,
                0.5316455696202531
            ],
            [
                0.3888888888888889,
                0.2962962962962963,
                0.3148148148148148
            ],
            [
                0.2785714285714286,
                0.5214285714285715,
                0.2
            ],
            [
                0.18,
                0.36,
                0.46
            ],
            [
                0.3333333333333333,
                0.5,
                0.16666666666666666
            ],
            [
                0.04285714285714286,
                0.44285714285714284,
                0.5142857142857142
            ],
            [
                0.33783783783783783,
                0.40540540540540543,
                0.25675675675675674
            ],
            [
                0.135,
                0.75,
                0.115
            ],
            [
                0.20212765957446807,
                0.5,
                0.2978723404255319
            ],
            [
                0.16176470588235295,
                0.5735294117647058,
                0.2647058823529412
            ],
            [
                0.0,
                0.24074074074074073,
                0.7592592592592593
            ],
            [
                0.2727272727272727,
                0.4297520661157025,
                0.2975206611570248
            ],
            [
                0.3697916666666667,
                0.4375,
                0.19270833333333334
            ],
            [
                0.11009174311926606,
                0.47706422018348627,
                0.41284403669724773
            ]
        ],
        "X_train_histogram": [
            [
                1.0,
                0.0,
                0.0
            ],
            [
                1.0,
                0.0,
                0.0
            ],
            [
                1.0,
                0.0,
                0.0
            ],
            [
                1.0,
                0.0,
                0.0
            ],
            [
                1.0,
                0.0,
                0.0
            ],
            [
                1.0,
                0.0,
                0.0
            ],
            [
                1.0,
                0.0,
                0.0
            ],
            [
                1.0,
                0.0,
                0.0
            ],
            [
                1.0,
                0.0,
                0.0
            ],
            [
                1.0,
                0.0,
                0.0
            ],
            [
                1.0,
                0.0,
                0.0
            ],
            [
                1.0,
                0.0,
                0.0
            ],
            [
                1.0,
                0.0,
                0.0
            ],
            [
                0.984375,
                0.015625,
                0.0
            ],
            [
                1.0,
                0.0,
                0.0
            ],
            [
                1.0,
                0.0,
                0.0
            ],
            [
                1.0,
                0.0,
                0.0
            ],
            [
                0.5263157894736842,
                0.47368421052631576,
                0.0
            ],
            [
                1.0,
                0.0,
                0.0
            ],
            [
                1.0,
                0.0,
                0.0
            ],
            [
                1.0,
                0.0,
                0.0
            ],
            [
                1.0,
                0.0,
                0.0
            ],
            [
                0.95,
                0.05,
                0.0
            ],
            [
                1.0,
                0.0,
                0.0
            ],
            [
                1.0,
                0.0,
                0.0
            ],
            [
                0.9852941176470589,
                0.014705882352941176,
                0.0
            ],
            [
                0.9,
                0.1,
                0.0
            ],
            [
                1.0,
                0.0,
                0.0
            ],
            [
                1.0,
                0.0,
                0.0
            ],
            [
                1.0,
                0.0,
                0.0
            ],
            [
                1.0,
                0.0,
                0.0
            ],
            [
                1.0,
                0.0,
                0.0
            ],
            [
                0.9905660377358491,
                0.009433962264150943,
                0.0
            ],
            [
                0.976,
                0.024,
                0.0
            ],
            [
                1.0,
                0.0,
                0.0
            ],
            [
                0.8604651162790697,
                0.0,
                0.13953488372093023
            ],
            [
                1.0,
                0.0,
                0.0
            ],
            [
                1.0,
                0.0,
                0.0
            ],
            [
                0.7647058823529411,
                0.14705882352941177,
                0.08823529411764706
            ],
            [
                1.0,
                0.0,
                0.0
            ],
            [
                0.9121621621621622,
                0.08783783783783784,
                0.0
            ],
            [
                0.9130434782608695,
                0.028985507246376812,
                0.057971014492753624
            ],
            [
                0.9692307692307692,
                0.015384615384615385,
                0.015384615384615385
            ],
            [
                1.0,
                0.0,
                0.0
            ],
            [
                1.0,
                0.0,
                0.0
            ],
            [
                0.9298245614035088,
                0.05263157894736842,
                0.017543859649122806
            ],
            [
                1.0,
                0.0,
                0.0
            ],
            [
                1.0,
                0.0,
                0.0
            ],
            [
                0.9891304347826086,
                0.010869565217391304,
                0.0
            ],
            [
                0.3103448275862069,
                0.6206896551724138,
                0.06896551724137931
            ],
            [
                0.047619047619047616,
                0.9523809523809523,
                0.0
            ],
            [
                0.0,
                1.0,
                0.0
            ],
            [
                0.09523809523809523,
                0.8571428571428571,
                0.047619047619047616
            ],
            [
                0.3893805309734513,
                0.6106194690265486,
                0.0
            ],
            [
                0.11320754716981132,
                0.8867924528301887,
                0.0
            ],
            [
                0.009259259259259259,
                0.9814814814814815,
                0.009259259259259259
            ],
            [
                0.29473684210526313,
                0.7052631578947368,
                0.0
            ],
            [
                0.45930232558139533,
                0.5406976744186046,
                0.0
            ],
            [
                0.21551724137931033,
                0.7586206896551724,
                0.02586206896551724
            ],
            [
                0.012987012987012988,
                0.987012987012987,
                0.0
            ],
            [
                0.015151515151515152,
                0.9696969696969697,
                0.015151515151515152
            ],
            [
                0.030534351145038167,
                0.9541984732824428,
                0.015267175572519083
            ],
            [
                0.34600760456273766,
                0.6463878326996197,
                0.0076045627376425855
            ],
            [
                0.009900990099009901,
                0.9900990099009901,
                0.0
            ],
            [
                0.09782608695652174,
                0.7608695652173914,
                0.14130434782608695
            ],
            [
                0.14583333333333334,
                0.8541666666666666,
                0.0
            ],
            [
                0.02564102564102564,
                0.7692307692307693,
                0.20512820512820512
            ],
            [
                0.07,
                0.71,
                0.22
            ],
            [
                0.02912621359223301,
                0.9514563106796117,
                0.019417475728155338
            ],
            [
                0.125,
                0.8541666666666666,
                0.020833333333333332
            ],
            [
                0.061855670103092786,
                0.6391752577319587,
                0.29896907216494845
            ],
            [
                0.016666666666666666,
                0.9333333333333333,
                0.05
            ],
            [
                0.140625,
                0.84375,
                0.015625
            ],
            [
                0.15254237288135594,
                0.7796610169491526,
                0.06779661016949153
            ],
            [
                0.5288461538461539,
                0.47115384615384615,
                0.0
            ],
            [
                0.007462686567164179,
                0.9552238805970149,
                0.03731343283582089
            ],
            [
                0.057692307692307696,
                0.4519230769230769,
                0.49038461538461536
            ],
            [
                0.1919191919191919,
                0.797979797979798,
                0.010101010101010102
            ],
            [
                0.0,
                0.9928057553956835,
                0.007194244604316547
            ],
            [
                0.09923664122137404,
                0.8702290076335878,
                0.030534351145038167
            ],
            [
                0.0078125,
                0.9921875,
                0.0
            ],
            [
                0.0,
                0.9516129032258065,
                0.04838709677419355
            ],
            [
                0.010471204188481676,
                0.9476439790575916,
                0.041884816753926704
            ],
            [
                0.06382978723404255,
                0.6950354609929078,
                0.24113475177304963
            ],
            [
                0.01507537688442211,
                0.9798994974874372,
                0.005025125628140704
            ],
            [
                0.0,
                0.9935483870967742,
                0.0064516129032258064
            ],
            [
                0.17419354838709677,
                0.4967741935483871,
                0.32903225806451614
            ],
            [
                0.10204081632653061,
                0.7091836734693877,
                0.18877551020408162
            ],
            [
                0.05789473684210526,
                0.7947368421052632,
                0.14736842105263157
            ],
            [
                0.1509433962264151,
                0.7358490566037735,
                0.11320754716981132
            ],
            [
                0.006756756756756757,
                0.9662162162162162,
                0.02702702702702703
            ],
            [
                0.060240963855421686,
                0.9036144578313253,
                0.03614457831325301
            ],
            [
                0.00980392156862745,
                0.0,
                0.9901960784313726
            ],
            [
                0.13815789473684212,
                0.17105263157894737,
                0.6907894736842105
            ],
            [
                0.05102040816326531,
                0.01020408163265306,
                0.9387755102040817
            ],
            [
                0.15879828326180256,
                0.2017167381974249,
                0.6394849785407726
            ],
            [
                0.1145374449339207,
                0.11894273127753303,
                0.7665198237885462
            ],
            [
                0.09852216748768473,
                0.18719211822660098,
                0.7142857142857143
            ],
            [
                0.00625,
                0.0125,
                0.98125
            ],
            [
                0.007936507936507936,
                0.20634920634920634,
                0.7857142857142857
            ],
            [
                0.08780487804878048,
                0.18536585365853658,
                0.7268292682926829
            ],
            [
                0.07473309608540925,
                0.35587188612099646,
                0.5693950177935944
            ],
            [
                0.0,
                0.02962962962962963,
                0.9703703703703703
            ],
            [
                0.417298937784522,
                0.15022761760242792,
                0.4324734446130501
            ],
            [
                0.08080808080808081,
                0.13636363636363635,
                0.7828282828282829
            ],
            [
                0.0024752475247524753,
                0.0891089108910891,
                0.9084158415841584
            ],
            [
                0.10034602076124567,
                0.16262975778546712,
                0.7370242214532872
            ],
            [
                0.04060913705583756,
                0.1598984771573604,
                0.799492385786802
            ],
            [
                0.0,
                0.048109965635738834,
                0.9518900343642611
            ],
            [
                0.059748427672955975,
                0.17295597484276728,
                0.7672955974842768
            ],
            [
                0.020671834625323,
                0.060723514211886306,
                0.9186046511627907
            ],
            [
                0.0149812734082397,
                0.0449438202247191,
                0.9400749063670412
            ],
            [
                0.023706896551724137,
                0.07974137931034483,
                0.896551724137931
            ],
            [
                0.13624678663239073,
                0.09254498714652956,
                0.7712082262210797
            ],
            [
                0.2052980132450331,
                0.2781456953642384,
                0.5165562913907285
            ],
            [
                0.03307888040712468,
                0.09923664122137404,
                0.8676844783715013
            ],
            [
                0.05157593123209169,
                0.2607449856733524,
                0.6876790830945558
            ]
        ],
        "test_balanced_acc": 0.8282828282828283,
        "train_balanced_acc": 0.9721120075937352,
        "y_test_histogram": [
            0,
            2,
            2,
            0,
            2,
            0,
            0,
            2,
            0,
            0,
            0,
            0,
            0,
            0,
            2,
            0,
            0,
            1,
            1,
            1,
            1,
            1,
            1,
            1,
            1,
            1,
            1,
            1,
            2
        ],
        "y_train_histogram": [
            0,
            0,
            0,
            0,
            0,
            0,
            0,
            0,
            0,
            0,
            0,
            0,
            0,
            0,
            0,
            0,
            0,
            0,
            0,
            0,
            0,
            0,
            0,
            0,
            0,
            0,
            0,
            0,
            0,
            0,
            0,
            0,
            0,
            0,
            0,
            0,
            0,
            0,
            0,
            0,
            0,
            0,
            0,
            0,
            0,
            0,
            0,
            0,
            0,
            1,
            1,
            1,
            1,
            1,
            1,
            1,
            1,
            1,
            1,
            1,
            1,
            1,
            1,
            1,
            1,
            1,
            1,
            1,
            1,
            1,
            1,
            1,
            1,
            1,
            1,
            1,
            1,
            1,
            1,
            1,
            1,
            1,
            1,
            1,
            1,
            1,
            1,
            1,
            1,
            1,
            1,
            1,
            2,
            2,
            2,
            2,
            2,
            2,
            2,
            2,
            2,
            2,
            2,
            2,
            2,
            2,
            2,
            2,
            2,
            2,
            2,
            2,
            2,
            2,
            2,
            2,
            2
        ]
    },
    "10": {
        "X_test_histogram": [
            [
                0.054187192118226604,
                0.8817733990147784,
                0.06403940886699508
            ],
            [
